976 1202
959 87
823 208
193 25
412 784
567 667
442 84
597 905
473 958
262 930
758 893
27 851
723 701
845 593
417 516
757 178
283 568
92 551
948 549
375 690
165 386
641 45
2 509
818 807
9 232
241 76
13 330
58 835
720 316
152 942
526 481
680 1
3 742
578 480
837 178
445 910
836 692
685 555
799 802
753 653
449 803
358 106
380 256
960 690
244 915
815 924
23 755
75 906
698 771
861 729
83 778
112 12
175 299
542 484
413 816
588 694
819 961
194 847
100 501
474 961
489 401
243 476
394 700
85 638
17 144
125 423
56 426
937 703
38 368
749 276
400 675
827 600
642 148
917 126
742 340
561 961
123 573
51 470
274 553
584 215
265 291
483 575
22 856
726 773
895 624
739 291
478 961
910 151
354 784
348 617
349 789
218 545
57 164
857 359
293 894
647 225
99 568
737 966
973 106
553 450
296 19
671 238
500 132
395 715
532 710
401 366
510 492
410 397
330 377
667 740
26 438
688 381
493 336
225 214
298 664
79 39
572 133
783 25
405 830
915 554
610 206
10 609
573 42
54 614
315 843
319 460
297 679
216 768
924 581
343 84
87 862
305 368
652 409
287 470
695 207
207 590
689 568
731 25
355 19
396 907
945 116
288 633
411 594
974 71
556 176
609 105
528 828
155 280
350 96
807 676
289 267
886 585
121 820
130 59
870 97
267 74
402 624
523 332
475 236
536 126
303 482
480 918
170 943
828 223
846 935
258 304
661 766
591 369
871 404
158 782
290 563
592 519
279 838
936 961
557 605
687 407
133 829
754 918
750 48
457 741
197 247
42 122
366 740
109 800
437 847
872 700
496 813
454 820
39 429
381 838
384 127
790 711
458 949
221 822
791 446
608 0
511 406
220 717
712 923
389 494
645 585
113 663
795 583
68 392
564 574
178 295
377 222
333 716
629 275
702 335
955 691
678 459
812 899
282 199
284 116
585 66
847 65
696 183
926 784
103 786
639 920
708 599
733 476
122 660
190 777
447 705
219 531
905 94
558 344
11 272
714 611
301 848
575 382
760 80
46 593
222 272
433 166
72 929
813 211
947 459
168 378
727 935
107 537
247 614
643 676
831 901
94 713
195 896
734 681
12 415
196 233
18 213
227 337
382 228
439 105
537 975
383 802
559 946
929 855
101 699
4 446
134 25
34 273
816 1
699 415
717 519
654 378
613 126
963 701
455 456
459 736
390 47
397 291
824 364
897 468
423 159
568 527
482 560
497 593
223 391
694 940
817 231
304 138
484 108
919 832
626 547
464 875
48 719
761 272
505 124
606 203
599 414
804 832
259 662
331 19
74 752
55 436
142 117
386 98
822 14
239 873
135 560
589 964
885 958
657 617
126 580
946 28
529 732
161 114
372 88
586 637
577 159
700 174
862 512
127 907
421 7
640 833
902 19
487 762
335 5
513 691
935 181
949 443
6 715
52 180
736 873
36 615
206 719
655 93
580 798
512 254
276 894
803 37
801 341
171 406
495 933
242 440
968 669
961 422
771 253
312 398
323 900
587 277
555 970
404 596
494 504
8 373
899 172
272 691
820 648
224 805
738 501
139 538
14 329
530 943
385 66
70 834
84 212
908 392
418 59
506 876
540 911
169 114
869 821
414 490
43 562
373 138
189 316
565 172
931 740
763 406
546 972
912 656
443 806
932 628
76 177
33 80
450 521
145 854
86 200
422 15
646 25
672 460
644 701
704 356
106 124
147 648
409 653
814 716
705 217
153 811
120 73
198 379
465 104
690 435
416 715
890 387
226 108
825 260
351 391
108 461
32 666
93 268
102 163
569 660
842 649
470 805
971 821
299 96
481 286
332 344
514 485
49 550
334 772
415 352
538 882
950 314
743 53
7 856
136 291
939 419
498 261
53 19
539 858
273 499
263 451
764 387
927 374
967 920
534 741
821 131
531 144
118 834
15 554
438 826
802 356
452 471
562 387
916 570
635 662
114 605
903 611
682 832
268 37
167 424
352 286
615 579
789 240
826 326
151 740
460 419
128 37
732 938
524 251
941 266
579 787
97 387
44 829
808 440
728 888
30 952
951 829
88 308
806 205
888 850
544 841
115 740
648 468
673 508
848 424
278 873
894 809
291 560
16 521
336 834
82 901
295 612
266 129
387 548
829 45
849 176
581 762
146 516
925 446
765 809
446 767
740 665
628 533
326 432
805 398
509 663
182 163
444 515
199 499
61 137
160 522
830 504
104 832
255 117
316 756
810 19
324 744
29 547
71 374
419 252
237 675
256 969
154 928
325 533
777 745
864 975
163 228
774 403
896 942
691 47
913 249
59 119
545 292
541 679
19 434
200 254
148 174
507 376
144 238
89 710
392 388
809 45
970 90
367 368
865 116
345 668
759 228
448 920
124 969
337 96
341 451
275 105
766 593
767 374
944 867
486 909
60 701
772 62
940 602
571 453
327 889
590 338
191 277
656 956
651 368
403 260
770 962
362 432
347 724
45 499
962 911
860 35
176 451
762 969
741 342
129 137
535 611
177 317
891 934
476 407
406 582
649 543
252 746
424 435
593 208
543 547
684 627
692 884
105 952
665 245
20 956
21 780
461 201
228 718
677 80
211 270
554 832
952 172
686 425
131 547
269 811
969 192
187 399
566 570
850 462
208 594
674 132
80 166
338 928
184 110
217 24
277 420
633 240
388 502
560 485
735 508
90 1
47 909
425 426
669 379
254 570
313 901
693 638
854 779
582 260
1 624
96 353
697 552
547 132
132 110
574 570
64 715
701 832
491 508
563 62
65 634
471 179
800 744
898 832
264 928
35 570
428 792
650 431
342 0
229 709
832 280
570 451
866 479
873 251
718 756
594 576
407 744
172 744
548 833
257 456
942 859
140 900
614 768
768 91
907 477
666 595
844 260
431 399
600 329
339 724
340 485
958 779
603 906
909 201
116 24
240 253
50 653
230 863
921 972
440 311
391 679
270 943
181 781
24 280
601 156
62 353
719 292
576 811
508 583
874 162
778 549
25 851
721 863
166 236
679 653
271 451
149 515
928 173
477 675
811 618
595 156
117 549
515 318
137 235
838 622
675 311
596 975
213 964
975 887
77 441
376 769
78 676
248 583
231 138
833 953
63 379
956 616
110 245
138 320
150 834
95 616
393 744
249 66
658 398
598 744
420 344
943 183
250 317
179 611
583 201
28 156
321 451
66 911
756 906
472 964
210 173
744 111
918 441
729 602
451 456
31 516
605 260
300 292
525 653
156 111
964 549
653 141
516 965
281 858
904 835
37 755
706 81
201 703
488 164
430 141
602 157
232 69
616 141
875 245
73 769
834 292
876 659
755 353
426 306
659 462
67 773
479 796
660 794
662 98
5 663
427 69
839 453
900 91
328 901
663 835
604 40
607 456
183 549
835 769
429 668
664 398
280 141
623 292
233 490
769 453
780 435
432 683
40 953
398 668
611 618
399 408
285 612
867 192
840 716
841 309
91 329
527 234
730 668
408 630
953 485
612 286
843 344
141 180
157 209
317 209
851 627
517 111
852 887
485 260
703 930
716 549
499 930
434 119
441 260
490 435
501 353
954 911
260 794
617 518
618 435
344 503
159 722
111 302
713 143
234 306
69 707
235 518
853 619
253 41
81 619
98 164
174 549
668 676
173 630
670 212
619 307
453 957
435 787
436 745
620 773
314 119
549 550
906 892
550 855
286 855
119 933
307 310
143 456
621 855
855 622
162 551
676 957
681 622
784 707
938 683
164 856
180 622
957 792
469 292
683 185
353 41
622 359
185 292
773 551
745 856
41 292
856 186
492 186
724 746
901 965
965 707
972 707
456 202
933 746
186 966
707 209
502 775
858 887
192 966
914 236
188 202
202 236
746 624
911 203
966 715
859 775
203 204
204 868
292 356
236 205
503 205
238 923
624 357
625 205
775 533
551 359
205 627
709 462
245 209
920 209
627 752
462 518
504 209
209 212
747 212
533 212
934 212
212 246
518 214
294 930
930 519
798 748
463 302
466 302
710 863
214 356
519 785
863 302
467 302
215 306
468 520
246 251
346 251
251 520
922 711
785 261
630 520
631 520
261 520
302 306
711 868
306 632
308 520
632 923
520 309
329 309
521 522
360 634
309 310
715 792
310 522
522 311
311 318
636 318
318 320
722 356
634 923
320 322
786 322
725 552
868 776
637 322
322 923
356 883
357 923
359 748
374 638
752 361
361 748
638 923
748 751
751 363
923 363
776 363
877 552
779 552
363 364
364 878
878 793
781 782
782 787
365 787
368 552
552 369
787 788
788 792
369 879
370 792
792 371
879 793
880 371
889 793
793 794
794 371
893 796
881 371
371 378
796 378
892 797
378 379
797 379
882 883
379 883
883 884
884 887
887 0
353 86
735 775
896 561
712 220
210 457
667 836
51 103
534 801
891 686
218 900
167 118
550 182
540 28
119 855
672 707
900 313
206 33
759 535
5 513
722 674
669 208
462 813
324 592
347 609
129 816
209 441
41 247
723 742
476 337
478 953
820 279
447 278
206 578
909 325
190 973
581 270
438 269
865 914
750 415
866 46
735 332
0 184
802 632
16 525
74 971
547 577
320 314
613 498
249 651
283 551
204 594
854 456
340 124
704 418
891 385
52 891
125 151
172 38
178 793
15 367
881 549
898 525
164 960
824 178
930 394
653 849
641 394
839 726
679 364
538 802
223 899
677 45
340 203
435 721
73 718
703 328
879 693
408 740
592 815
760 122
85 431
66 802
239 383
257 619
304 87
866 154
720 523
374 179
917 930
766 314
365 267
168 200
709 578
958 359
464 208
542 644
760 831
700 333
860 493
449 243
971 454
118 827
241 838
327 654
812 379
571 477
183 299
411 724
557 449
226 697
891 27
452 625
730 555
967 202
813 267
847 477
446 313
540 505
231 682
188 775
10 218
124 192
265 479
4 396
585 937
856 973
51 521
414 284
384 332
451 319
217 733
802 863
925 190
568 608
28 160
1 479
65 662
82 587
281 315
912 691
422 44
40 246
628 875
674 169
116 626
68 314
27 687
439 303
956 750
87 360
765 560
638 259
128 535
220 566
600 77
712 345
16 19
872 196
796 326
666 907
81 212
106 300
864 210
244 907
663 964
718 221
730 633
790 896
953 211
865 329
154 221
635 838
134 230
555 324
151 771
833 385
200 444
920 967
668 958
501 668
367 425
521 179
424 528
242 859
574 60
169 26
563 247
919 129
337 362
252 941
735 652
774 884
616 596
726 116
437 366
889 647
230 193
514 666
672 826
872 273
168 659
650 635
263 590
912 730
85 57
72 339
236 721
544 240
734 297
342 895
623 608
328 350
397 708
308 573
917 239
499 159
45 310
235 796
352 875
145 48
541 868
306 752
154 57
355 679
574 506
747 818
487 273

