990 1047
575 287
370 541
715 261
68 160
478 659
521 873
289 188
772 784
832 105
327 573
741 466
256 423
242 877
892 664
792 98
274 448
440 732
36 319
225 981
779 720
28 131
197 268
402 651
682 332
433 845
869 719
830 595
324 255
698 665
583 195
271 272
834 847
984 714
122 114
939 207
889 84
156 555
52 293
480 619
161 660
42 670
103 738
91 822
800 154
876 65
782 155
314 777
374 352
784 263
859 78
708 379
523 903
628 842
785 250
691 244
145 814
444 685
908 633
408 410
60 638
565 125
801 857
100 301
138 619
514 673
458 710
372 791
520 882
45 643
818 493
119 11
901 775
6 749
29 321
725 667
960 77
845 709
660 840
358 855
191 328
177 35
864 697
315 511
613 194
721 515
243 560
962 92
409 817
564 731
850 241
250 111
624 356
909 117
562 902
128 631
194 17
957 551
94 910
836 887
985 365
853 826
693 398
758 921
625 880
434 940
563 923
305 940
85 906
933 546
614 796
386 317
961 252
870 584
438 248
974 890
414 798
851 481
3 804
405 620
872 455
948 751
874 732
251 860
975 210
313 223
760 530
258 40
877 573
692 658
302 891
528 988
566 958
323 742
181 10
120 837
750 316
745 585
719 34
1 228
899 917
627 726
46 481
902 341
24 786
888 50
685 341
361 43
582 205
764 75
232 295
539 540
200 415
332 137
410 936
701 66
838 387
833 947
863 554
677 871
494 144
644 330
47 609
875 184
637 773
279 540
388 257
510 524
5 355
812 776
739 163
696 504
958 468
511 688
231 498
421 283
38 623
97 210
66 272
505 495
404 611
275 926
831 83
411 44
636 99
646 233
61 502
468 828
951 878
383 907
813 325
756 39
976 567
7 132
666 748
356 0
867 154
977 8
299 431
619 362
201 482
588 82
257 11
980 881
472 757
121 959
54 557
111 761
846 146
262 435
507 227
647 75
504 166
815 710
425 749
430 748
335 424
40 922
155 281
512 630
341 435
157 657
746 373
674 634
816 140
786 10
63 287
352 8
893 568
526 751
485 139
759 376
552 973
287 267
844 594
297 925
459 0
391 108
245 952
569 365
791 112
711 325
894 747
9 649
775 773
773 476
541 890
573 891
212 930
860 131
966 626
904 84
747 127
495 19
910 230
679 965
77 465
763 496
623 789
340 377
835 852
567 828
16 455
716 770
921 729
878 192
766 930
891 814
555 412
330 499
319 312
303 428
240 183
215 58
329 247
431 890
75 817
460 241
837 475
116 102
375 48
439 680
401 426
432 978
590 531
326 109
141 761
294 915
491 821
601 882
643 371
868 768
270 320
735 84
717 591
603 680
457 80
558 930
675 390
713 41
43 139
814 452
453 556
953 475
787 133
406 273
233 865
594 548
496 11
817 926
127 266
568 317
180 109
222 10
44 714
667 65
112 689
686 537
41 15
413 312
986 602
441 738
865 839
259 283
469 841
534 856
749 839
62 697
263 427
841 963
978 83
306 687
135 118
490 337
952 234
934 328
839 776
718 422
790 579
389 866
954 883
320 4
788 559
198 379
295 793
163 451
605 671
481 182
659 829
676 415
2 852
527 35
239 492
350 987
989 778
798 104
381 462
136 516
470 376
551 412
668 307
856 466
277 987
599 979
158 78
234 272
296 342
288 529
334 427
390 911
238 524
487 645
217 499
435 883
811 626
463 702
586 684
722 482
940 202
589 110
887 669
223 4
515 712
272 488
988 697
412 113
235 819
847 618
570 415
484 661
486 497
93 688
794 905
678 840
227 206
983 471
337 407
96 657
802 820
642 670
407 365
424 403
252 595
415 979
403 574
57 471
497 881
416 398
241 244
290 769
417 560
809 890
591 840
757 426
572 645
159 160
941 118
186 626
69 298
368 789
821 866
442 852
216 506
11 273
987 669
348 318
64 321
173 955
873 804
471 751
498 531
382 955
612 349
530 436
806 607
464 690
740 697
367 972
224 260
499 669
418 879
681 249
915 765
436 650
300 886
571 88
137 765
733 648
848 631
70 293
762 810
419 930
65 574
629 30
27 574
734 253
574 477
392 104
101 72
394 377
928 967
638 789
661 400
536 913
556 886
174 769
885 160
532 175
736 723
508 852
12 298
380 199
321 513
655 196
538 765
925 318
852 51
195 420
273 843
276 942
286 617
426 576
592 400
20 557
420 211
819 533
663 67
545 58
32 789
587 71
278 866
422 109
935 19
517 437
347 291
576 537
720 84
304 316
577 30
610 488
104 378
916 840
71 114
373 930
25 699
126 220
840 139
360 395
842 843
461 946
229 18
982 687
317 707
55 578
883 67
333 393
423 807
761 843
184 955
927 768
714 616
699 488
108 979
118 253
955 615
465 871
26 427
981 547
578 843
393 938
604 959
387 477
246 849
500 473
369 634
823 723
979 175
123 298
793 151
611 247
124 795
956 501
371 237
789 959
697 427
822 291
579 307
196 795
795 473
723 67
843 580
849 154
724 726
580 884
395 437
680 820
427 489
385 665
236 167
919 737
959 854
376 39
854 336
553 462
209 728
160 428
855 34
237 640
890 926
881 669
67 501
244 905
540 744
796 926
694 448
53 774
51 113
153 349
700 797
78 765
771 162
648 488
744 169
396 80
973 89
428 857
437 311
339 820
972 92
429 547
473 683
322 607
938 857
443 897
399 445
445 479
72 862
600 509
362 581
506 920
140 820
125 178
446 466
102 967
963 467
311 805
857 4
76 593
89 742
581 377
307 247
261 820
73 169
606 561
516 662
56 542
79 81
291 74
447 48
824 139
690 544
338 342
281 805
247 673
74 911
820 765
781 620
493 220
336 825
39 21
218 964
615 858
683 448
99 684
462 858
49 342
351 595
602 825
695 248
310 702
488 397
105 797
797 616
117 649
861 673
171 776
598 10
448 113
90 684
397 825
560 684
726 474
737 529
664 858
80 584
353 871
449 248
649 501
18 260
450 154
365 584
936 451
349 584
808 669
748 971
312 82
249 377
474 858
58 862
342 971
929 584
595 139
702 964
964 253
451 858
533 354
248 810
944 466
260 825
81 765
142 452
689 8
50 653
930 554
670 584
343 205
189 207
452 669
546 728
743 630
727 738
535 95
183 475
703 607
858 316
162 765
803 82
129 799
905 482
17 219
318 48
82 344
673 344
752 253
501 911
751 828
731 30
825 253
33 911
106 862
454 455
455 561
253 931
917 456
971 665
107 943
4 308
544 492
8 728
799 965
965 871
826 827
970 630
280 475
879 608
946 30
932 926
456 669
354 665
968 728
166 584
172 931
83 466
561 895
48 282
202 584
585 199
607 282
466 630
377 559
742 282
880 862
467 920
804 593
282 130
862 684
363 400
616 475
170 866
59 687
918 34
132 584
199 359
778 254
765 684
475 378
967 203
30 203
378 926
226 502
228 753
895 364
366 476
344 630
398 84
969 476
168 903
774 345
254 922
325 188
384 805
476 706
345 950
704 19
684 920
712 477
926 175
805 265
543 379
92 84
554 400
255 268
203 920
109 866
31 738
346 866
264 767
593 557
827 265
767 84
728 950
130 882
477 298
542 630
900 479
866 871
131 265
531 671
882 355
379 489
110 400
871 768
884 950
828 84
479 886
753 950
400 84
482 483
113 84
298 920
807 483
331 729
483 911
182 489
671 896
355 950
596 84
359 292
672 84
204 687
622 308
537 34
357 316
584 754
810 768
626 187
829 886
705 489
164 886
230 489
489 687
364 906
706 920
265 513
652 903
653 95
547 896
492 283
188 502
502 328
897 283
266 267
896 783
503 931
84 949
783 86
886 86
190 658
114 509
898 903
23 283
707 597
903 709
931 176
205 34
509 729
133 687
513 906
518 220
519 10
754 21
267 557
308 316
522 268
937 524
309 19
529 524
906 729
35 907
524 525
907 597
639 115
525 665
548 549
316 146
95 549
709 268
292 549
732 268
549 950
597 328
550 920
710 911
328 134
139 557
633 557
630 729
911 557
608 912
557 559
950 912
206 268
662 559
559 86
115 134
912 268
729 609
34 913
913 609
609 914
617 134
154 631
618 134
949 178
268 269
620 283
134 914
143 210
730 86
947 914
621 631
945 943
914 631
920 738
640 631
942 631
943 631
269 924
631 213
922 632
924 923
738 645
144 632
632 755
283 687
634 923
923 780
635 780
641 645
645 146
780 284
86 650
650 777
777 654
776 769
770 284
755 768
769 768
207 651
768 146
651 146
654 656
688 687
687 656
669 665
665 284
658 657
657 656
656 301
301 293
293 285
285 284
284 87
221 10
220 219
219 214
214 213
98 87
213 211
211 210
210 208
208 146
193 192
192 149
187 185
185 179
179 178
178 176
10 176
176 175
37 175
175 87
169 146
167 165
87 165
165 152
152 151
151 150
150 149
149 148
148 147
88 147
146 147
147 22
22 21
21 19
19 15
15 14
14 13
13 0
870 893
336 116
136 394
203 375
836 514
858 299
903 182
668 845
853 92
206 436
71 24
193 467
309 450
406 108
454 931
530 477
427 176
106 119
891 354
364 574
720 142
406 93
577 136
415 866
534 474
725 724
551 424
340 812
575 118
487 431
368 707
416 374
31 132
530 524
980 833
409 403
548 611
231 643
848 371
526 627
175 33
904 521
738 758
678 957
343 906
988 581
242 7
717 857
336 124
742 520
707 524
607 239
174 835
41 506
416 109
352 928
201 108
630 279

