982 1793
923 788
65 719
934 595
451 267
5 387
515 116
932 829
312 1
747 623
850 478
717 219
241 803
935 101
531 433
903 511
295 849
150 655
318 41
371 657
947 277
144 187
569 698
282 874
501 814
425 169
414 783
44 313
879 438
883 804
385 980
436 484
130 833
269 753
772 720
49 493
822 445
893 819
548 432
54 1
341 294
224 641
591 476
400 323
636 115
308 980
592 111
315 339
228 46
721 235
349 651
892 187
777 795
491 554
880 226
755 41
93 62
29 538
660 293
392 28
468 512
766 709
118 807
495 407
153 316
103 72
881 357
740 759
685 178
154 821
567 413
771 101
474 348
386 936
650 247
885 596
448 780
884 359
620 784
125 715
831 475
50 814
861 575
15 475
654 387
173 608
863 930
713 525
823 959
608 549
821 493
750 310
467 189
372 210
801 187
449 693
759 500
126 330
353 219
98 734
568 912
283 178
100 687
695 350
866 905
785 677
729 640
462 710
88 203
928 36
722 971
655 790
10 63
89 242
286 164
705 944
376 255
876 247
73 564
950 55
716 221
457 306
389 756
450 864
921 853
714 776
761 944
452 696
590 657
601 786
651 933
690 366
313 958
741 142
359 335
323 149
970 77
273 536
379 778
274 459
746 645
786 337
285 509
915 930
735 676
767 185
807 668
242 630
494 882
101 844
479 774
537 532
179 851
207 17
774 461
196 554
30 35
930 698
652 596
837 317
518 563
602 346
538 718
350 331
679 730
762 914
162 906
47 453
857 426
81 365
441 496
94 250
169 104
676 589
176 420
383 605
345 773
594 888
787 55
830 427
86 443
302 444
347 672
639 233
91 619
574 496
139 578
751 528
92 108
834 155
197 235
914 294
410 155
438 368
963 293
391 954
70 570
43 235
671 672
390 284
340 867
958 723
202 322
170 674
440 435
737 899
195 497
23 104
566 151
374 194
558 408
496 528
796 784
249 217
107 788
951 763
933 53
41 227
811 552
662 79
663 664
166 216
894 442
773 542
530 398
492 966
412 859
516 473
783 453
909 981
715 131
570 180
156 523
649 572
333 780
433 556
95 206
271 668
691 317
571 33
506 756
674 882
824 413
656 981
185 78
32 806
851 890
632 229
222 617
612 395
731 748
375 517
342 864
497 575
351 775
209 194
485 42
825 366
550 733
899 90
710 780
975 306
378 864
365 557
561 528
833 427
405 319
666 752
115 572
940 16
964 635
920 373
505 556
955 901
198 965
575 411
229 917
672 653
597 898
696 572
180 508
138 549
275 490
6 886
572 712
843 794
559 776
665 631
888 829
380 724
603 0
634 236
728 199
84 873
117 119
72 404
882 635
152 3
20 686
284 155
123 411
155 586
336 573
613 219
171 701
502 245
916 779
500 724
889 519
826 931
17 22
373 743
239 453
596 439
181 642
835 105
422 113
730 246
742 564
167 415
788 789
188 344
68 96
140 758
528 8
844 377
163 712
832 253
653 718
293 862
806 917
24 306
781 216
243 343
855 917
212 151
895 816
546 838
244 948
953 51
287 959
182 51
413 306
199 698
707 797
69 119
927 96
226 401
507 897
799 132
363 352
896 344
869 272
503 337
408 917
129 768
949 208
744 573
931 624
943 12
61 917
954 141
96 609
192 186
657 104
151 637
867 87
539 470
808 621
820 38
415 360
356 266
258 384
127 890
637 46
658 266
768 929
628 288
609 339
900 236
320 355
250 220
642 886
57 99
476 593
619 734
965 624
517 346
304 114
208 259
346 58
752 231
259 604
87 394
343 307
352 836
793 13
718 775
294 62
382 699
316 488
74 266
936 815
842 756
573 576
348 692
514 447
627 819
309 942
604 545
124 508
71 794
251 219
211 897
890 891
524 775
276 555
961 962
901 296
257 357
535 917
593 595
614 423
541 621
159 897
877 104
306 439
719 157
521 481
447 317
296 97
618 800
324 141
97 277
510 836
387 540
595 164
329 158
160 697
141 904
53 112
177 523
534 711
946 246
678 218
600 498
981 519
272 522
938 214
369 845
128 683
227 200
193 52
3 357
102 266
770 4
711 183
977 670
14 929
463 827
104 756
240 147
519 439
661 58
723 99
397 437
523 948
133 520
143 789
944 703
477 736
868 967
434 886
358 814
288 856
437 669
368 836
673 520
775 486
980 149
21 778
792 314
886 870
645 289
157 576
952 388
913 435
322 874
215 478
748 442
377 976
360 77
416 58
22 956
326 245
221 183
75 827
726 827
720 7
509 803
331 845
417 675
256 838
418 246
409 290
423 370
135 277
605 330
161 797
270 16
361 551
314 303
898 8
615 598
749 263
119 328
897 551
299 120
809 870
887 145
508 937
776 778
442 924
511 598
865 262
317 929
622 732
419 264
617 827
616 757
908 245
470 305
664 697
682 680
300 526
937 424
779 640
778 214
942 110
158 579
301 659
753 536
498 478
220 28
917 55
724 354
406 344
455 845
499 168
76 611
446 297
493 549
529 727
712 480
55 420
939 692
606 598
902 611
922 164
367 131
445 252
732 904
90 18
957 168
328 25
168 756
924 366
178 420
547 99
532 891
520 252
918 522
563 201
941 443
803 381
790 827
638 277
791 784
647 297
621 948
48 804
116 200
789 210
77 99
543 164
25 420
458 623
504 804
362 357
354 512
51 149
223 564
667 83
34 12
782 976
99 420
131 186
484 78
277 817
430 904
136 174
394 659
858 381
319 19
59 471
512 432
700 623
183 370
478 827
738 819
706 513
845 190
675 754
522 370
852 945
525 281
633 260
929 120
164 565
35 904
355 236
697 142
225 611
668 134
404 357
357 16
165 644
739 303
891 641
337 464
11 172
945 194
2 483
325 640
330 794
453 698
252 114
513 28
557 526
260 172
332 956
610 31
640 754
611 904
381 19
948 576
401 870
435 956
420 7
598 278
576 364
699 206
734 184
120 549
577 542
265 904
745 669
426 956
846 278
172 78
407 245
460 289
26 754
334 311
443 132
794 174
201 725
681 956
261 599
669 278
812 444
395 335
60 132
424 388
956 174
708 526
464 142
384 623
230 919
564 465
684 526
780 959
733 398
112 486
533 599
174 967
213 421
725 245
959 253
175 960
878 388
344 859
281 132
85 465
411 27
338 769
549 526
431 701
245 142
659 217
402 298
305 578
200 810
827 701
134 586
370 335
626 754
904 769
327 184
427 978
551 56
278 393
784 623
686 829
859 364
623 303
849 137
976 246
526 853
321 184
335 646
12 28
680 16
544 838
847 670
233 727
670 186
19 763
45 578
108 421
421 795
629 79
339 813
184 475
186 105
905 279
677 444
643 624
393 960
388 702
926 262
702 489
187 396
910 743
527 231
231 461
454 262
542 754
727 253
578 802
925 962
364 235
960 736
579 297
289 797
736 132
190 105
841 906
582 194
701 114
469 46
456 870
556 795
428 279
303 906
366 18
836 307
743 444
962 396
856 217
465 536
483 27
828 754
829 475
683 439
232 396
552 754
754 912
210 584
111 756
279 429
860 429
105 396
40 429
206 429
214 189
966 439
189 838
398 396
802 853
396 66
848 580
307 429
33 203
429 911
106 64
553 795
967 853
536 607
795 709
219 540
473 399
906 46
191 540
540 194
968 580
560 797
194 769
399 234
919 403
607 403
280 471
203 46
853 290
310 862
624 216
687 969
311 204
471 403
625 907
969 545
42 798
403 204
432 439
688 121
439 121
630 262
545 145
204 444
580 756
205 262
797 444
137 444
907 216
109 798
810 689
838 911
971 459
46 444
554 216
839 216
216 444
631 262
246 635
854 911
217 798
840 972
444 290
290 756
78 291
798 62
862 800
82 689
804 599
218 864
583 756
291 689
864 459
247 13
870 911
459 555
911 292
689 461
113 555
461 555
972 27
79 912
973 692
292 912
974 912
121 978
555 234
635 466
814 110
297 466
562 36
466 912
472 978
475 756
769 27
978 36
692 871
565 979
234 480
581 912
979 871
871 872
480 693
912 800
584 800
585 693
875 693
703 874
641 709
481 874
110 146
114 122
586 587
587 800
482 874
486 238
145 487
298 122
813 644
698 487
248 487
805 819
872 873
873 800
765 235
235 693
693 800
874 694
694 800
487 819
488 819
588 236
704 589
122 132
815 819
819 489
489 756
756 757
236 757
589 237
644 490
52 599
490 709
757 818
818 80
237 646
599 816
132 646
646 62
648 817
800 238
142 238
709 816
13 146
146 758
817 816
238 37
758 760
760 763
816 763
763 147
764 268
268 267
267 266
266 1
264 263
263 262
262 255
255 147
254 253
253 149
149 148
148 147
147 83
83 80
80 67
67 66
66 64
64 63
63 62
62 58
58 56
56 39
39 38
38 37
37 36
36 31
31 28
28 27
27 18
18 16
16 9
9 8
8 7
7 4
4 1
1 0
722 776
558 608
840 906
956 957
405 66
757 156
432 368
967 673
682 846
422 78
603 813
830 140
133 972
316 655
575 794
411 971
308 978
37 717
778 849
108 851
543 865
285 207
814 112
905 341
469 743
320 56
956 309
171 116
649 681
869 172
687 671
250 311
916 977
673 330
349 21
765 907
313 565
574 23
935 320
762 28
198 133
318 240
712 366
260 911
758 399
801 15
410 236
781 222
602 968
462 151
236 521
704 127
441 924
710 695
207 549
680 227
292 372
887 769
126 735
919 155
836 239
372 377
768 750
225 621
910 964
437 56
630 980
182 536
679 942
667 382
887 909
267 89
55 540
771 809
375 557
418 117
500 754
471 864
625 786
579 176
802 563
521 87
209 924
374 690
515 14
234 853
481 759
623 528
635 68
235 919
837 351
847 288
710 139
496 605
103 563
638 794
764 756
515 129
31 591
908 432
412 746
605 195
446 801
933 215
349 636
359 281
417 542
504 922
468 46
788 128
951 481
776 483
578 99
683 462
354 832
208 5
48 593
504 473
981 734
497 386
223 948
399 36
836 581
527 68
568 580
567 815
38 629
319 65
499 972
161 860
905 122
775 647
342 727
909 849
964 97
55 630
141 823
36 361
150 559
667 503
948 506
110 405
974 586
342 81
940 392
17 650
2 512
394 379
295 347
280 645
270 46
833 228
139 41
501 587
182 707
751 440
849 794
212 699
300 141
977 97
573 508
433 504
849 719
326 477
863 571
308 410
864 31
381 941
814 334
965 310
842 496
588 257
783 856
797 773
177 577
126 181
876 731
940 248
532 473
509 371
598 501
782 810
600 582
851 392
953 219
758 309
123 306
553 28
412 622
136 674
695 430
958 312
782 328
233 851
383 831
761 490
742 720
639 767
367 366
82 414
384 193
640 122
283 242
631 57
454 424
139 16
341 273
401 697
323 666
168 417
300 835
749 473
337 231
130 80
728 664
11 353
235 429
905 581
536 584
529 63
221 711
28 393
145 960
841 281
470 768
104 752
217 536
540 670
778 509
661 85
163 194
62 585
869 230
297 726
902 476
144 801
264 338
561 332
441 694
548 529
359 338
590 719
595 660
779 690
595 490
768 8
712 908
398 400
906 126
121 151
369 781
254 777
17 10
66 874
183 822
810 566
472 87
540 848
160 947
291 973
65 571
767 656
660 584
385 325
165 707
445 40
325 153
726 233
52 762
973 509
600 596
643 485
30 192
26 349
7 574
440 867
696 229
716 205
148 668
551 977
745 365
31 812
645 775
49 340
470 195
276 31
556 168
834 435
889 857
848 673
348 522
356 85
84 439
270 208
576 624
450 40
398 500
804 319
750 185
534 972
314 261
503 67
492 646
876 735
542 215
198 875
55 665
653 500
464 509
177 109
15 142
294 492
901 737
541 896
965 821
561 358
61 892
825 161
123 15
205 75
822 914
318 248
659 379
375 971
496 879
724 132
861 242
127 56
262 978
563 808
407 551
251 437
125 64
540 645
178 236
556 366
80 458
161 631
102 506
204 156
762 323
831 361
904 599
410 376
422 957
517 266
323 666
944 304
520 176
758 343
516 790
672 106
657 440
223 328
388 695
572 200
890 375
978 666
428 338
158 467
941 330
793 493
188 269
461 907
954 656
73 78
151 395
913 960
143 874
256 322
674 661
544 43
337 696
213 977
770 700
914 468
630 486
49 870
230 643
309 640
200 118
309 863
968 157
307 697
41 715
593 703
800 68
641 612
7 838
773 499
533 602
265 574
209 427
274 885
519 747
370 800
625 560
653 624
128 160
215 802
621 889
550 570
4 374
505 45
453 962
289 707
342 339
863 135
642 842
534 921
740 498
841 584
120 510
777 441
789 872
222 614
892 357
16 142
571 301
445 603
872 67
377 882
192 417
627 819
844 143
663 449
963 43
95 207
407 704
499 643
660 200
1 765
593 933
566 792
293 604
433 934
251 46
674 68
151 137
718 697
957 318
508 523
395 790
274 38
253 880
142 883
897 402
912 181
521 147
867 181
806 333
441 573
42 292
344 932
11 210
718 479
439 203
850 545
559 756
197 805
154 405
717 163
308 447
830 310
411 22
701 647
401 816
856 980
142 934
922 553
827 613
375 579
142 863
172 752
831 753
123 700
710 616
111 344
23 662
596 932
421 812
722 329
725 60
848 65
560 86
438 182
746 777
40 604
804 520
713 41
153 590
516 70
187 820
714 937
890 592
642 912
942 756
266 183
26 244
853 211
146 323
73 630
894 481
515 327
915 23
105 637
764 43
466 778
874 583
336 214
71 439
538 970
209 620
724 284
180 374
676 866
488 762
978 583
631 8
642 41
369 101
386 943
328 204
373 115
697 973
576 568
243 489
79 692
866 643
846 45
722 254
371 876
270 523
707 856
818 640
718 224
447 333
532 410
687 81
206 347
649 419
469 404
232 474
399 191
802 70
114 526
799 561
289 275
352 46
491 734
805 251
570 901
911 971
146 521
848 281
551 633
435 850
587 513
647 622
471 159
238 540
942 357
868 738
301 619
919 503
228 243
535 326
622 220
15 249
286 370
27 121
966 158
461 26
222 711
817 752
887 191
832 951
908 815
658 336
782 825
296 787
801 639
923 850
955 855
359 48
286 569
151 695
519 940
249 374
409 82
843 911
235 393
228 154
291 393
930 887
314 213
295 488
973 200
558 195
718 233
168 31
247 419
718 420
712 571
811 407
737 851
407 446
740 778
484 388
693 242
296 16
650 473
461 576
560 619
660 44
21 589
262 970
459 200
333 353
608 706
500 340
390 141
45 775
162 346
712 98
42 4
890 195
549 130
574 186
361 518
949 785
152 177
140 56
688 711
29 380
362 954
179 548
978 781
806 965
368 778
728 418
715 696
957 419
961 754
600 157
533 416
228 971
621 335
695 795
196 699
233 125
943 208
739 181
479 332
823 892
702 187
787 50
767 895
316 597
198 98
192 398
962 368
50 343
620 336
632 690
27 477
573 981
649 352
58 162
410 816
683 266
40 384
685 672
191 175
111 825
125 523
463 852
264 275
619 82
532 636
914 771
301 12
688 522
834 590
839 652
203 236
789 81
977 723
126 896
951 383
104 242
659 731
281 362
920 914
107 191
278 294
439 855
674 833
730 288
57 243
887 540
401 683
416 415
214 843
212 718
689 592
366 871
469 89
740 286
397 89
221 243
828 492
320 621
512 586
855 318
948 241
823 314
562 790
731 299
777 315
698 290
874 685
586 707
778 30
47 664
546 318
63 740
726 135
798 815
226 357
11 797
672 395
597 47
734 972
948 830
98 604
395 816
95 707
164 397
13 157
235 754
370 934
474 136
642 10
865 13
897 493
39 866
857 935
507 27
832 652
654 53
124 351
695 757
952 837
229 177
172 250
396 882
255 617
142 811
513 668
230 73
698 3
134 146
306 46
978 567
477 443
505 519
216 881
244 394
374 464
949 5
958 84
825 376
936 714
920 746
235 901
260 19
310 288
57 567
91 265
519 613
256 517
741 633
184 214
248 3
388 838
979 626
711 473
151 780
134 120
39 745
313 758
657 175
318 215
611 927
450 40
481 132
340 927
649 970
346 227
734 188
346 249
830 383
939 470
91 655
553 834
177 562
600 618
769 766
146 891
548 509
130 160

