999 1156
356 95
28 404
250 517
180 54
602 392
251 502
922 474
480 252
923 615
62 690
513 901
919 15
63 24
394 520
776 349
645 437
833 637
321 440
664 599
52 204
959 68
176 771
623 153
398 838
782 809
414 381
754 7
933 235
54 650
282 722
48 996
700 445
231 896
548 969
965 814
418 309
22 911
91 724
790 89
671 334
873 482
539 817
705 546
848 571
829 107
681 504
567 892
972 246
89 731
499 375
408 336
981 247
39 579
884 124
616 189
12 354
582 742
952 392
962 5
58 257
326 359
125 186
663 189
138 24
267 319
0 978
772 523
530 130
320 880
41 24
929 875
277 193
26 149
85 872
426 481
412 84
697 129
1 742
473 235
969 746
954 812
588 23
821 706
37 27
955 83
795 985
400 739
742 38
769 617
506 110
216 529
422 96
887 65
70 865
81 611
814 474
481 649
735 436
803 220
140 430
144 533
947 206
286 707
309 475
101 966
429 816
815 997
543 246
608 743
444 503
701 139
380 953
466 783
997 905
860 210
263 831
369 145
867 747
439 434
440 69
886 86
202 425
766 970
64 128
612 42
930 665
907 847
264 365
540 876
217 99
510 185
744 90
218 559
392 751
57 874
971 406
613 568
960 711
870 868
591 155
247 330
861 533
682 944
154 733
918 685
2 586
592 618
743 768
779 767
213 805
834 723
285 767
672 657
55 354
210 258
931 256
995 166
665 374
124 878
903 891
557 895
102 100
372 699
694 153
190 780
585 673
79 130
265 232
306 961
882 961
595 302
937 963
42 382
849 541
417 197
673 128
946 666
108 78
740 864
604 407
233 963
298 498
562 670
68 767
813 469
593 385
699 303
939 966
531 130
760 537
185 915
325 391
163 648
729 310
879 970
458 956
279 409
44 104
905 519
49 178
676 874
45 189
169 507
131 145
209 433
683 702
71 553
541 474
424 784
688 92
72 252
330 773
203 868
716 908
778 405
830 631
525 845
609 777
656 603
329 248
894 761
446 36
357 925
935 427
980 936
278 773
4 869
425 572
67 242
583 596
60 723
253 759
636 924
874 460
649 416
497 840
781 809
708 982
191 29
13 950
336 475
927 373
257 175
850 367
450 888
172 476
800 211
715 296
762 601
364 601
75 639
141 7
726 745
826 491
953 178
301 504
194 349
127 831
968 534
831 825
291 110
447 238
184 885
142 832
913 195
686 662
297 211
553 810
113 65
323 938
7 784
46 311
9 774
783 110
377 598
827 717
835 134
943 61
757 237
266 111
389 173
477 462
549 524
606 302
811 195
648 875
846 594
427 780
611 103
448 823
314 622
302 624
445 420
893 378
436 431
928 902
898 634
777 807
128 454
738 150
915 244
92 268
736 310
544 192
106 785
16 454
851 181
337 177
945 170
437 561
61 453
901 211
73 537
97 378
27 792
961 948
877 745
765 133
94 868
255 310
758 552
542 93
358 118
312 745
438 818
667 431
707 35
526 47
76 192
219 390
906 381
38 93
139 30
584 575
679 65
428 828
724 704
615 470
797 988
854 934
647 322
713 507
745 684
690 363
924 702
401 324
816 342
230 643
908 881
989 370
258 331
920 505
498 192
368 523
948 579
98 419
268 558
571 817
343 252
941 65
899 419
376 722
56 379
796 137
378 419
719 349
303 143
338 978
619 805
333 461
370 112
413 791
211 703
853 806
687 365
625 96
99 100
852 468
18 156
47 717
844 375
404 93
384 780
784 594
639 589
563 891
201 904
925 379
223 983
614 610
371 653
759 50
328 598
126 982
832 840
381 359
780 658
650 723
36 564
909 311
589 570
502 896
817 379
433 104
558 451
77 293
550 607
633 586
904 963
455 460
696 354
957 508
193 678
973 991
232 910
317 115
855 587
666 938
342 451
187 717
146 84
373 601
352 916
200 156
785 900
196 561
204 374
574 260
911 121
365 932
179 991
617 618
315 862
387 970
214 208
174 334
856 90
720 727
926 993
721 430
474 581
761 470
10 501
634 932
304 994
910 522
435 737
793 181
212 912
545 43
956 866
857 224
564 912
452 78
523 702
409 551
120 78
556 248
423 652
188 892
932 812
942 486
65 963
478 572
712 802
836 565
430 207
431 262
275 985
14 546
410 259
674 994
208 227
789 134
897 353
951 934
305 637
746 888
668 858
741 643
69 702
610 467
880 475
443 944
921 215
354 689
603 808
934 43
938 262
220 936
96 878
419 883
514 786
657 366
74 123
684 432
195 476
90 936
331 449
197 528
95 273
515 334
630 828
239 768
121 173
461 133
43 551
114 620
786 536
587 774
316 32
669 680
837 689
970 516
896 607
717 618
628 689
565 390
199 178
118 662
11 709
175 618
103 51
228 635
936 307
53 601
812 675
507 248
912 482
520 405
259 292
581 289
395 355
283 482
914 215
838 432
598 916
248 93
805 752
651 246
51 637
383 148
162 871
559 441
576 178
517 638
527 963
168 859
50 618
725 177
722 888
66 723
442 533
225 787
87 568
916 432
385 723
566 618
508 940
115 238
469 839
93 379
15 586
839 40
284 415
966 840
963 318
367 718
183 59
173 978
78 415
546 287
594 475
86 840
166 181
627 949
552 482
100 88
104 156
287 670
547 654
134 917
586 859
17 269
917 755
605 858
112 40
643 940
246 944
987 133
143 940
132 215
105 249
940 590
80 677
359 432
895 482
147 170
441 709
751 787
240 840
801 397
82 449
711 322
293 332
355 449
763 698
881 145
944 675
787 788
489 695
806 537
644 322
449 40
493 500
129 360
739 949
788 714
723 288
637 985
130 269
532 145
318 753
638 459
165 883
181 706
288 747
859 468
976 59
516 23
840 20
825 685
974 34
949 334
59 182
350 509
635 83
182 353
83 19
950 177
451 311
382 198
221 8
84 875
536 900
802 453
88 374
170 996
388 307
360 621
374 294
107 375
420 198
117 775
19 678
327 289
8 841
432 260
998 677
958 192
289 109
252 964
569 20
512 607
750 109
34 307
222 148
504 453
206 964
274 764
109 269
171 685
731 964
964 241
858 718
967 551
366 675
994 236
205 467
453 607
472 702
727 646
167 537
386 551
975 798
361 269
804 518
411 642
572 768
468 900
607 755
207 675
737 339
752 600
747 977
157 110
977 434
249 110
791 983
415 670
292 5
110 875
280 324
807 996
706 978
551 841
640 652
254 454
111 996
454 256
533 577
465 116
728 709
518 661
116 406
215 978
828 519
119 122
590 375
482 794
883 296
467 596
730 122
496 718
521 20
122 434
362 463
470 281
434 123
375 29
718 748
416 256
631 764
399 978
490 234
710 123
402 872
123 224
299 978
555 390
618 528
456 396
390 601
133 178
732 733
792 224
794 646
632 798
888 322
276 798
487 457
186 596
262 198
764 733
841 978
135 661
698 363
457 459
224 290
641 692
709 978
675 226
226 20
626 988
334 341
892 580
198 670
236 237
596 819
164 748
20 996
978 339
597 25
396 798
979 379
294 290
177 33
227 798
136 137
189 21
702 560
748 878
862 982
703 982
29 771
137 560
773 599
798 145
554 560
145 405
492 889
261 178
642 863
363 483
148 560
982 269
620 269
809 560
290 733
379 149
818 560
491 599
322 749
307 475
300 149
459 871
753 149
599 685
522 403
33 241
842 296
843 149
149 150
150 983
810 689
670 229
151 573
577 229
799 155
685 749
983 573
152 819
178 349
845 260
621 21
391 192
460 984
349 21
622 153
30 984
600 568
421 229
984 601
192 153
808 847
229 486
869 462
295 393
822 153
820 733
234 346
863 985
153 985
471 900
393 875
985 155
677 462
996 397
155 885
235 986
483 847
397 986
986 40
624 749
281 819
346 462
237 161
646 878
988 21
819 889
560 629
875 652
156 238
158 561
733 5
296 6
464 629
990 159
771 269
308 159
310 601
991 403
403 767
319 561
756 159
159 847
160 238
823 269
629 749
537 238
462 463
734 161
269 311
871 31
767 463
161 311
749 405
824 601
768 238
335 238
992 238
238 463
714 241
693 652
241 242
774 993
847 242
864 242
242 243
488 889
755 900
561 463
243 244
993 889
311 244
353 313
244 568
405 21
245 406
902 865
770 463
865 256
866 775
256 900
509 21
900 568
324 313
260 406
31 32
876 652
270 678
313 868
271 272
868 272
272 273
273 463
519 332
872 775
775 652
332 891
890 878
568 570
601 463
463 32
503 878
339 891
878 406
885 889
889 891
891 704
678 652
704 695
475 695
695 692
655 406
340 680
406 341
652 341
341 653
351 511
692 344
344 345
476 691
345 479
5 347
347 579
407 6
348 479
653 479
479 484
484 485
538 573
691 485
21 485
689 680
485 680
500 524
680 3
654 486
486 494
662 494
23 494
494 495
495 658
501 658
661 505
505 660
511 524
524 660
528 570
529 660
658 534
534 660
660 535
659 535
580 579
579 535
578 535
535 570
570 575
573 575
575 40
40 35
35 32
32 25
25 6
24 6
6 3
691 240
607 680
932 581
550 58
439 94
462 582
407 178
298 847
950 996
611 161
692 366
374 937
293 370
438 909
11 458
675 205
487 11
512 339
775 46
134 903
242 719
119 369
795 934
274 296
13 773
613 261
469 263
705 595
201 132
316 343
778 952
985 988
869 671
275 388
563 63
337 696
85 823
579 345
796 653
157 295
167 90
713 608
335 406
640 827
69 398
786 770
55 191
525 799
157 66
971 962
449 858
519 833
866 82
137 723
139 202
944 24
877 144
614 897
557 123
250 962
308 725
135 882
656 254
799 444
637 77
8 562
191 651
53 160
38 754
561 442
926 243
15 459
40 986
131 348
315 951
719 289
259 284
731 710
655 871
979 785
465 708
654 448
527 915
583 880
260 112
995 369
266 807
871 83
687 167
384 915
451 75
710 841
383 41
264 53
693 304
320 670
94 257
620 99
850 931
398 925
859 402
243 699
598 630
94 984
915 149
386 229
660 486
416 515
499 454
146 67
508 667
47 551
734 37
469 330
630 687
39 73
976 514
294 100
502 64
900 801
535 13
990 585
525 299
304 138
13 749
249 979
680 573
851 913
271 16
246 333
632 349
31 631
52 990
265 754
744 338
810 941
198 100
983 238
959 694
240 105
872 142
457 674
697 419
560 874
401 591
141 187
367 525
309 677
858 452
90 947
431 434
102 34
332 440
146 994
896 382
877 834
836 126
461 926

