973 1977
475 410
181 619
289 613
760 703
405 927
197 552
387 365
425 306
150 629
148 151
487 39
470 712
493 583
248 488
904 18
395 172
409 335
650 664
612 290
488 656
649 297
811 71
789 349
723 89
177 55
906 158
476 490
945 510
826 850
972 796
202 14
726 737
859 361
54 217
614 651
94 319
252 450
757 349
547 478
142 680
401 377
840 762
17 418
771 468
462 154
865 921
290 521
187 226
592 888
253 214
703 235
643 831
798 55
204 44
766 807
831 805
601 62
422 295
749 806
221 925
810 442
459 739
845 47
287 774
118 907
107 483
313 124
468 782
198 273
715 933
357 597
438 611
523 220
895 10
790 291
155 251
720 53
412 151
860 130
217 835
257 791
322 282
917 855
856 450
576 71
218 902
812 873
216 439
162 84
541 800
272 792
219 113
345 86
55 657
400 161
767 260
209 752
81 608
78 817
822 727
235 884
578 388
103 961
483 905
932 70
754 7
182 940
588 456
64 145
772 25
355 658
557 237
952 971
426 602
800 711
930 644
579 368
350 327
560 251
837 402
668 651
266 565
629 695
710 933
223 326
291 314
16 544
138 370
700 518
199 463
482 768
477 7
30 768
609 119
630 782
378 683
147 316
526 240
704 396
154 93
489 152
246 924
802 953
479 416
450 41
144 23
397 923
949 677
98 824
335 84
69 914
255 692
783 503
186 43
571 568
451 292
59 331
823 566
65 117
861 114
76 277
376 799
806 304
113 520
478 490
816 183
603 716
117 74
40 127
801 597
658 480
460 566
634 761
635 388
834 254
402 333
730 638
654 821
250 169
943 729
673 333
961 652
139 950
380 575
542 222
393 301
119 278
727 672
5 854
428 746
205 211
623 675
361 349
583 196
281 957
913 514
344 620
803 846
386 295
528 473
589 249
439 777
887 165
962 915
282 337
915 362
296 553
675 697
652 827
691 108
273 920
79 71
53 951
3 670
258 835
417 707
334 100
149 145
323 110
213 784
96 743
758 946
964 82
937 97
388 225
368 594
6 549
104 965
784 292
661 728
577 74
480 829
878 705
728 651
957 907
693 931
33 434
403 830
327 145
279 532
283 938
892 889
211 390
247 407
348 814
233 850
596 926
102 317
116 38
120 70
968 276
414 95
653 340
371 389
792 666
364 432
151 741
741 28
584 220
259 724
622 8
709 613
869 31
178 349
701 713
971 134
108 552
121 755
725 256
548 503
7 469
517 679
866 624
24 621
201 835
465 39
873 367
501 833
877 871
641 807
156 563
731 372
207 31
497 66
463 427
717 791
249 948
146 813
122 522
74 944
626 452
341 52
880 958
172 176
458 835
63 12
580 921
598 581
20 558
167 32
862 707
621 324
687 263
505 777
70 694
490 868
404 706
848 158
214 769
314 298
610 680
950 618
846 228
525 232
297 220
481 944
303 838
61 605
572 365
326 123
604 518
620 284
702 57
471 71
762 506
328 183
316 590
851 200
416 82
590 109
8 624
830 274
804 267
358 697
549 159
56 705
832 254
500 176
827 921
773 157
152 26
676 516
254 593
879 893
774 105
854 817
168 585
31 241
329 176
436 955
732 818
844 636
646 383
280 770
536 863
143 796
833 907
220 398
286 75
351 375
45 872
276 241
362 126
936 843
431 591
379 123
914 268
896 824
529 131
785 624
225 32
681 222
39 131
682 467
814 820
82 858
543 359
251 555
558 642
805 48
131 18
84 893
170 491
256 912
499 876
585 605
692 66
685 260
71 486
452 231
506 302
360 183
66 332
363 881
633 359
849 718
72 797
430 21
796 916
415 418
234 808
22 440
123 944
662 537
897 819
315 333
285 106
95 86
781 657
705 97
551 9
36 406
29 898
765 208
795 432
966 559
85 916
484 427
301 203
739 706
32 260
552 828
544 342
34 10
260 759
835 969
674 97
100 663
591 57
427 210
893 502
312 429
369 491
337 934
176 644
183 267
461 57
456 420
226 677
940 385
946 184
229 655
793 124
406 672
485 863
126 655
491 109
532 240
169 464
745 534
161 130
44 277
67 550
294 173
939 711
786 486
586 611
9 288
160 566
110 605
200 68
35 432
799 206
153 763
850 311
581 124
390 494
863 97
828 642
15 86
891 655
565 916
683 696
926 73
787 916
366 938
963 970
707 716
600 28
73 550
26 677
454 324
807 60
60 775
396 80
267 954
559 562
684 325
38 57
545 203
304 595
647 924
898 236
18 424
284 158
377 4
28 137
721 407
37 597
77 714
686 365
761 440
808 349
125 292
41 407
815 864
836 10
231 370
58 208
75 288
498 407
437 694
453 561
716 809
432 740
166 336
518 442
317 697
512 847
261 729
175 80
190 967
194 423
80 659
222 440
829 185
179 83
298 602
617 262
775 433
385 262
19 967
593 145
602 651
407 192
574 398
627 624
838 4
86 171
582 870
381 23
262 809
124 706
927 394
839 269
631 511
965 797
163 418
224 27
776 215
587 367
159 62
874 359
637 502
611 447
967 97
694 507
292 365
788 141
752 141
938 791
111 265
502 394
83 494
97 736
264 890
769 841
713 875
640 382
140 494
546 899
841 455
265 87
263 970
902 519
494 268
449 180
907 486
858 719
433 339
184 970
516 203
46 594
0 374
62 270
43 227
306 330
92 948
899 655
538 894
180 464
561 842
87 408
495 227
632 173
325 763
615 145
278 244
68 618
236 809
855 47
336 227
127 408
105 607
212 881
88 753
185 446
492 237
268 706
367 370
353 227
389 857
311 507
467 370
503 777
718 817
782 318
768 660
89 408
941 338
969 11
13 882
132 747
293 203
21 737
628 339
809 90
507 47
779 504
847 496
504 852
57 698
648 382
764 90
842 843
48 90
133 408
343 813
455 677
820 27
42 813
269 47
288 744
733 575
232 911
295 655
514 134
970 794
174 734
173 418
843 813
508 299
901 594
418 429
671 391
237 813
519 90
729 394
157 446
305 960
515 636
734 457
636 663
188 594
486 605
522 575
947 575
346 347
277 112
886 114
90 679
876 763
605 509
594 722
158 419
299 724
595 852
309 524
955 719
270 10
447 669
496 373
115 191
423 271
554 777
763 520
424 597
448 695
25 813
599 134
300 959
960 534
791 638
109 520
706 852
708 318
852 900
935 819
735 759
302 566
128 797
607 597
382 645
10 307
608 813
354 271
307 695
242 573
347 797
743 114
613 359
99 408
698 890
473 93
813 817
527 697
824 524
91 942
656 308
93 597
310 440
606 398
616 857
308 324
618 189
101 670
349 742
106 359
695 373
195 770
464 550
638 370
469 271
753 894
171 697
112 330
951 894
466 853
942 410
472 696
597 370
719 919
189 794
794 924
711 619
566 688
429 797
777 875
889 555
114 47
509 383
330 271
520 318
352 510
318 747
319 663
672 778
642 722
759 445
440 129
47 511
129 238
11 894
933 203
550 553
537 271
890 320
872 722
230 365
271 331
441 227
510 274
778 134
699 736
553 399
959 130
797 958
14 910
474 655
660 442
215 12
619 511
624 533
924 817
324 853
227 4
274 751
825 697
391 712
651 12
49 948
320 130
742 372
511 958
853 817
956 359
239 697
625 50
817 241
145 50
513 442
639 321
908 356
818 419
644 141
191 531
881 331
688 356
562 130
321 244
916 192
130 948
12 875
399 953
50 134
240 569
882 394
356 370
392 857
819 857
645 655
4 555
370 712
192 275
134 206
203 655
275 531
521 857
383 193
524 655
135 359
228 164
655 918
539 331
934 770
555 657
922 556
136 331
712 193
23 164
680 722
657 51
857 530
556 164
910 563
359 864
434 137
27 51
193 137
365 342
714 821
659 457
384 331
948 663
331 51
332 696
137 51
333 141
696 931
338 909
884 141
663 196
530 875
664 141
238 665
531 196
419 864
665 666
141 534
780 666
689 164
864 339
564 164
903 736
883 420
821 533
339 340
867 51
533 666
868 923
164 196
165 372
241 51
666 722
445 870
243 920
196 534
206 51
563 919
744 667
340 342
534 667
667 535
900 669
208 435
535 870
669 670
435 210
870 670
573 540
871 567
342 670
875 770
210 679
244 372
245 540
670 928
51 457
677 885
885 372
888 372
372 953
373 750
374 52
375 894
52 443
394 398
678 398
567 398
398 408
408 958
410 736
958 411
568 411
411 954
770 894
413 420
420 421
421 540
442 722
697 443
443 540
444 446
894 446
905 909
446 457
457 540
909 540
690 540
722 929
540 569
569 570
944 570
570 575
575 911
911 679
679 724
912 724
724 736
953 736
918 736
736 919
737 738
738 740
740 746
746 919
919 747
954 747
747 748
920 748
748 750
750 751
751 921
755 756
756 931
921 923
923 925
925 928
928 929
929 931
931 2
2 1
99 54
287 729
454 449
523 341
379 743
326 883
688 455
670 239
523 638
754 717
56 40
854 880
636 273
507 393
769 256
189 324
539 87
2 964
361 155
684 696
868 306
386 960
421 924
821 148
343 410
352 863
654 469
606 708
304 417
789 762
297 931
580 644
729 930
434 749
692 295
401 209
761 897
891 762
828 811
719 204
311 873
691 915
8 362
409 256
646 832
612 508
229 697
378 318
411 538
299 551
197 662
324 521
591 28
813 459
756 41
20 635
431 923
150 432
808 950
927 229
11 711
299 703
557 889
859 288
321 128
104 143
426 613
907 14
944 263
28 933
41 778
353 317
724 235
355 770
34 732
214 508
859 572
153 117
448 72
590 629
563 727
847 166
778 870
523 478
257 687
914 673
346 722
497 685
939 79
314 850
827 120
336 626
669 864
159 658
945 724
557 899
601 419
144 72
13 505
823 807
312 648
5 403
880 928
131 862
379 360
431 549
923 289
403 43
148 501
906 382
37 747
87 642
67 916
457 372
662 722
115 74
380 175
832 154
51 501
169 485
474 907
645 431
944 916
667 457
690 913
157 47
418 347
547 155
326 966
442 82
839 749
543 425
188 55
510 158
832 372
471 709
372 944
75 11
380 945
497 106
955 69
654 772
538 143
691 667
409 7
860 456
483 805
390 510
209 147
443 862
861 502
857 876
594 157
809 564
254 378
744 645
921 11
98 621
2 259
466 604
239 43
583 361
888 811
825 101
717 749
961 890
66 301
633 702
85 726
875 196
284 304
172 584
759 66
803 888
174 613
332 663
267 425
209 31
49 558
340 950
855 328
860 119
234 500
74 691
215 915
101 487
223 32
388 66
634 659
735 747
402 570
351 494
267 3
516 286
542 956
130 216
273 136
653 84
226 275
816 332
216 202
604 868
543 415
556 248
539 496
138 431
797 864
612 400
836 57
33 450
228 157
946 666
357 453
939 771
786 208
19 205
443 102
296 305
225 575
956 569
385 874
76 605
936 38
315 947
407 122
921 939
875 662
856 377
283 479
16 355
432 25
252 739
639 540
584 103
555 50
774 358
186 451
426 669
514 935
350 102
955 65
448 351
960 826
136 705
825 699
145 696
109 379
446 144
32 629
713 739
561 788
775 232
328 104
462 507
186 560
236 151
629 260
12 762
745 767
387 213
604 880
12 316
921 236
380 616
39 475
489 517
793 152
856 742
61 848
336 577
495 453
386 898
226 670
922 76
527 668
460 243
64 826
644 507
857 336
814 525
464 957
322 386
671 616
820 118
704 718
530 65
881 486
816 962
876 264
427 51
19 91
54 852
671 275
52 317
567 66
720 240
557 689
705 514
532 289
244 618
638 610
725 32
750 867
432 4
782 518
373 619
880 385
7 685
445 38
92 65
68 33
542 13
131 844
530 434
374 347
499 525
820 933
723 138
840 963
601 829
689 886
759 16
151 166
190 352
681 758
33 200
785 852
217 313
903 66
325 739
822 934
191 792
320 642
914 53
69 36
510 548
339 590
837 723
386 186
886 14
534 844
701 702
849 388
446 253
790 54
956 586
102 108
286 391
370 322
236 783
710 103
340 2
647 105
771 799
835 135
147 630
210 478
655 526
585 709
720 244
58 260
609 379
453 429
344 225
819 666
346 751
53 840
919 576
422 512
171 367
274 431
58 378
334 43
441 661
402 246
520 769
504 485
360 512
692 804
955 73
70 260
386 412
907 326
387 729
839 773
318 562
858 928
230 185
97 116
3 528
254 698
251 17
934 221
28 720
391 631
87 906
457 920
619 644
599 533
754 370
783 175
500 623
552 785
99 870
177 868
506 651
87 811
41 487
28 127
613 569
566 175
781 468
303 3
618 719
204 855
318 589
346 366
625 472
797 76
13 10
653 14
871 626
99 827
376 900
220 744
849 347
7 75
940 93
533 951
459 774
763 842
179 686
270 963
951 54
610 472
25 454
794 943
796 657
9 203
314 579
721 821
167 323
732 435
696 133
532 470
419 644
932 851
534 799
128 567
202 789
562 56
224 772
742 927
92 451
391 293
541 848
9 606
159 603
84 218
210 777
353 800
481 129
957 373
513 585
486 914
698 776
667 220
203 680
248 409
952 53
81 403
805 36
77 584
681 474
894 229
424 572
385 464
195 945
193 910
612 86
456 66
65 275
573 514
912 901
39 194
35 363
869 225
732 461
212 184
49 619
435 760
552 328
201 186
227 89
220 474
814 448
756 378
684 306
472 527
311 576
718 941
796 206
946 437
654 311
873 286
11 490
801 864
553 713
130 488
316 726
45 298
632 590
584 699
124 655
197 605
103 290
808 133
98 100
245 859
898 891
959 589
246 234
374 495
799 142
749 320
637 960
73 404
253 949
965 369
663 653
871 196
252 707
777 8
776 532
309 189
90 752
74 221
511 656
865 127
894 582
142 171
876 852
78 327
53 365
754 425
821 48
274 651
320 124
806 820
152 859
521 971
708 301
920 591
312 552
653 643
602 647
915 256
913 362
487 426
158 847
356 564
8 144
775 577
407 548
193 881
581 696
553 839
948 706
216 943
63 348
899 836
678 589
255 603
334 318
601 971
123 384
377 329
76 121
655 783
131 520
398 900
341 675
122 555
310 664
736 911
278 740
260 678
172 97
288 63
137 13
582 779
84 751
971 76
957 313
81 529
593 844
386 55
945 467
793 887
603 685
736 118
838 130
814 327
150 377
565 704
964 255
217 704
210 535
828 133
232 133
92 580
224 729
356 175
520 581
533 440
65 524
931 779
144 735
763 684
234 190
658 153
652 892
347 252
337 80
883 688
553 75
641 612
152 371
187 191
861 798
319 315
565 919
869 191
600 466
118 159
123 211
411 316
422 26
947 655
276 851
598 570
283 107
373 852
147 571
925 449
158 630
759 273
251 520
185 6
560 547
15 622
771 913
171 487
479 302
285 265
98 312
45 33
802 255
25 386
912 831
521 674
757 798
927 803
830 558
319 175
177 269
380 24
874 440
492 506
384 439
7 506
12 924
296 33
102 354
289 291
272 300
861 818
770 904
500 440
446 172
154 338
920 819
853 40
5 53
797 165
900 813
433 761
445 709
580 446
277 958
208 902
813 345
810 541
587 780
407 585
105 945
465 121
377 391
400 379
19 759
927 738
956 450
689 41
88 278
213 812
694 79
608 756
844 526
824 802
130 815
970 562
424 679
306 683
785 804
290 944
277 254
793 88
518 786
543 909
437 865
938 590
733 289
531 193
294 397
429 729
318 293
202 821
749 615
306 506
7 124
477 486
937 420
350 335
360 747
920 124
2 56
567 615
346 350
242 769
865 248
448 784
810 111
793 389
194 572
928 273
634 823
562 546
23 421
809 559
379 471
179 764
849 971
892 474
611 868
884 353
426 844
944 801
668 291
30 290
744 34
241 281
690 648
369 21
121 600
81 365
968 802
478 333
14 360
106 755
628 932
664 541
286 358
494 960
520 244
384 756
13 152
540 528
92 78
894 222
533 313
854 304
409 570
273 29
74 298
268 926
185 736
512 793
34 624
86 533
18 863
127 14
495 185
239 138
799 875
384 170
307 345
62 533
521 931
322 967
80 25
414 540
626 421
871 746
223 885
207 444
394 57
80 300
568 864
938 417
648 268
768 351
767 67
158 100
238 672
937 902
24 736
425 715
597 945
791 233
83 505
149 582
174 821
814 259
937 434
277 870
773 732
639 455
97 71
654 411
8 148
467 970
771 433
357 326
773 478
753 139
69 717
212 204
790 548
215 690
395 622
736 905
959 568
526 131
481 433
329 849
505 173
368 479
545 142
143 195
349 480
84 404
367 814
395 281
635 237
141 561
968 190
539 972
414 964
473 227
502 831
424 427
377 234
672 141
652 493
968 281
179 633
474 947
820 671
612 107
393 423
847 293
541 572
90 114
876 347
66 355
51 596
314 946
962 309
251 421
9 325
833 221
839 936
894 87
676 734
306 194
173 279
148 574
395 920
508 813
960 966
679 688
917 729
958 29
847 321
502 489
371 888
177 518
760 963
811 309
276 902
21 714
495 885
323 760
944 275
577 49
741 241
272 122
292 762
672 784
859 894
503 833
248 177
828 30
500 729
518 893
507 822
828 942
703 351
701 443
554 918
955 120
342 874
950 419
828 737
68 652
221 397
433 858
908 607
512 511
957 827
368 483
252 879
144 700
32 793
263 223
954 812
144 573
250 814
396 248
747 848
772 494
748 181
413 10
354 310
310 762
201 884
641 371
493 834
487 337
87 93
183 191
202 853
338 912
67 708
369 603
362 37
63 596
489 649
825 497
141 869
54 759
256 638
547 564
611 67
581 506
324 737
890 76
419 422
657 811
972 274
46 580
283 826
954 720
391 395
919 936
770 247
223 102
358 813
95 168
586 331
583 448
658 623
446 882
136 30
456 377
178 642
47 238
435 126
698 750
632 862
211 732
251 185
307 477
478 729
753 630
915 817
166 741
413 875
101 38
229 706
434 927
143 7
304 653
658 490
749 34

