990 1916
376 216
656 405
162 636
952 699
343 594
981 918
232 689
579 23
402 435
134 175
538 246
512 964
759 71
924 523
88 229
193 288
984 493
233 59
236 856
622 969
727 24
681 175
30 320
893 524
283 922
550 953
372 985
26 741
489 383
826 373
363 632
510 155
467 959
382 965
736 56
331 260
589 204
312 262
342 216
242 72
690 397
209 338
264 755
370 750
567 320
908 87
810 513
161 619
23 326
776 103
262 641
335 258
806 461
799 421
488 513
836 661
361 983
47 606
261 307
459 321
686 775
310 904
457 862
811 409
677 223
320 620
571 8
626 439
590 851
136 611
611 316
490 720
142 100
31 215
929 20
254 599
56 599
383 13
353 126
976 600
930 577
576 437
983 282
980 175
856 125
160 202
364 858
303 398
337 32
287 321
631 617
50 183
925 443
25 282
526 700
70 623
684 474
115 807
191 117
903 511
307 313
313 673
798 27
405 862
506 541
150 900
133 577
15 68
375 157
95 691
437 263
214 928
818 6
672 649
266 841
947 958
973 529
293 926
613 664
169 716
100 739
894 184
48 614
144 221
395 75
585 317
670 305
978 143
344 891
284 648
698 32
424 554
812 206
860 129
772 689
204 227
843 96
365 785
891 624
290 507
632 820
781 243
226 858
715 92
273 108
49 7
32 145
691 318
764 109
851 623
243 417
43 941
941 885
840 464
771 253
396 398
251 888
491 341
543 101
172 237
920 614
178 706
274 44
265 55
866 867
831 805
782 683
688 414
858 177
532 244
301 953
861 40
667 899
195 625
783 699
194 234
545 411
544 373
705 574
837 652
844 760
173 791
288 393
777 800
846 655
275 867
306 300
318 304
59 103
963 164
762 377
333 734
24 345
615 345
642 297
371 75
35 289
853 308
51 906
425 738
987 234
685 971
517 8
637 272
135 679
643 434
537 614
955 170
436 708
244 953
27 179
722 654
130 454
329 902
64 817
373 862
96 600
445 418
572 754
834 546
362 167
286 653
377 143
678 682
500 82
842 426
753 951
202 478
74 805
969 260
695 527
111 276
974 482
498 451
52 612
577 19
410 6
388 140
17 938
807 827
927 872
716 518
121 621
458 257
644 953
452 743
617 603
513 711
192 857
645 847
435 279
366 742
122 384
198 389
919 110
355 53
387 391
602 525
713 41
692 385
119 441
636 792
816 848
729 200
164 237
263 247
975 824
328 472
539 501
87 334
668 427
888 492
39 988
137 354
674 219
599 573
42 676
449 928
977 854
45 778
813 823
247 887
735 747
687 604
332 460
186 352
829 849
639 486
165 308
897 124
710 546
501 472
105 706
19 18
476 334
314 676
179 401
494 573
267 902
129 124
200 869
540 606
168 374
257 252
709 591
158 525
664 641
588 651
3 701
201 53
546 338
926 882
689 985
473 985
769 392
959 69
53 374
522 808
143 796
654 101
33 862
378 547
566 166
460 367
824 600
294 258
348 189
988 693
640 541
784 895
391 838
276 957
795 149
700 569
41 932
65 148
7 66
942 163
85 256
211 874
54 943
557 568
503 859
966 390
706 610
871 775
10 156
711 693
117 420
904 808
568 354
345 256
712 542
675 187
569 394
805 618
770 511
961 832
785 409
81 679
657 898
272 492
653 778
341 295
205 902
248 726
223 196
985 145
669 385
932 755
138 738
495 693
116 765
289 379
814 34
821 633
738 399
321 145
55 277
708 291
509 397
979 277
123 349
594 913
444 125
704 754
58 624
838 740
972 139
258 57
516 174
730 336
593 60
913 922
83 347
915 737
492 384
921 446
28 714
57 683
338 461
982 324
60 14
470 61
281 66
319 570
112 448
682 475
962 199
719 346
461 948
895 154
89 297
315 268
231 763
502 237
493 693
697 737
411 693
638 440
472 5
986 234
679 358
951 316
196 634
906 885
124 724
159 403
485 101
252 950
520 580
222 595
717 703
740 421
61 676
514 928
662 817
464 2
841 614
671 916
432 141
874 855
748 845
535 104
830 547
12 181
156 438
658 441
62 296
141 525
157 163
896 132
255 892
950 322
928 900
174 414
297 504
80 94
404 63
474 580
393 438
714 446
931 110
426 788
277 66
63 379
66 285
595 541
228 953
291 240
479 480
346 515
351 406
578 67
4 224
630 82
447 44
46 324
881 67
245 486
16 107
147 38
238 305
334 773
541 580
933 394
989 747
953 67
216 448
922 887
127 606
909 718
278 923
504 76
680 229
298 259
737 872
90 739
163 739
389 5
139 845
573 406
224 515
187 549
170 420
356 486
530 515
94 815
415 166
934 673
808 511
547 412
456 433
219 151
240 203
292 971
633 693
118 482
964 97
518 898
835 207
627 475
154 935
295 367
185 385
673 336
84 907
971 327
392 296
279 825
374 768
480 850
171 203
40 683
296 394
970 649
496 18
268 901
285 132
44 796
898 468
104 839
282 67
521 182
225 326
34 299
140 114
347 189
330 120
616 728
809 416
462 939
280 723
106 482
791 299
606 968
815 91
384 817
450 852
676 646
465 905
446 299
591 299
166 621
508 641
523 463
768 253
887 197
507 110
67 497
108 175
421 311
299 558
316 394
683 878
839 497
300 718
360 918
659 699
817 968
302 22
125 269
533 181
434 397
438 739
542 819
655 414
649 574
304 773
439 619
349 350
720 511
703 882
641 131
175 875
167 819
197 819
968 269
876 145
845 548
78 935
176 967
311 694
466 958
151 580
875 857
825 13
646 184
234 453
761 322
505 912
935 911
379 98
650 899
497 880
68 819
548 827
802 786
563 429
468 484
918 69
416 527
899 634
765 420
721 177
707 739
660 936
936 739
101 718
177 718
847 82
877 269
852 441
317 148
206 8
746 499
586 487
69 634
665 564
747 180
486 661
967 587
126 564
718 18
763 182
610 386
773 564
882 965
793 598
889 145
801 734
145 463
369 180
305 220
86 965
397 857
661 102
246 350
911 937
693 180
943 433
380 694
235 647
848 511
965 367
128 960
146 849
732 647
71 618
20 36
723 724
584 463
499 878
916 564
587 79
756 308
960 731
741 849
900 199
350 339
269 865
339 724
75 901
469 340
883 381
778 867
774 534
109 227
647 79
958 800
574 36
901 775
957 199
724 352
308 956
76 29
481 22
188 322
940 694
72 107
322 420
917 511
336 199
937 598
309 180
612 944
575 270
701 819
352 36
354 725
725 786
357 902
792 180
29 819
484 239
833 323
323 148
803 519
607 471
857 11
549 475
757 956
358 726
107 726
559 828
324 340
325 822
742 326
551 249
99 73
694 359
152 511
726 766
696 731
880 326
938 131
367 326
873 471
618 406
731 648
592 131
249 775
153 699
131 471
699 326
478 702
326 728
954 9
663 863
870 702
189 823
215 702
728 180
18 755
923 511
148 536
8 400
250 91
939 256
956 849
733 827
180 944
430 775
413 73
902 155
734 406
327 403
271 949
210 155
440 944
471 340
73 558
155 381
878 804
739 207
385 190
190 241
854 132
905 907
600 149
850 36
890 77
787 744
944 340
36 554
181 945
82 511
651 97
819 945
340 511
528 239
648 359
598 743
822 624
427 77
368 463
788 441
381 77
804 182
253 487
766 945
256 241
386 820
945 110
359 820
79 390
114 182
475 477
451 199
823 220
580 621
949 477
832 182
390 605
794 229
948 5
477 884
394 614
564 182
199 552
702 744
907 398
77 608
946 553
398 914
652 132
743 400
399 400
406 827
666 400
744 914
91 431
482 745
92 581
203 892
453 552
182 463
207 910
37 183
21 227
552 745
553 183
745 570
400 511
749 750
534 914
754 634
208 401
750 401
872 910
583 259
110 414
113 751
483 914
38 529
827 570
259 407
93 401
751 97
752 401
755 401
758 910
820 97
910 401
581 441
183 401
561 625
487 760
401 403
260 828
767 403
760 132
620 775
441 184
403 601
855 582
859 775
914 407
407 102
879 97
408 120
884 912
621 796
775 212
184 828
409 220
97 412
779 789
828 582
849 862
412 414
862 863
414 417
912 892
892 270
417 780
582 418
418 886
596 863
780 786
863 270
98 212
864 419
886 885
102 554
554 865
885 796
786 270
555 524
419 103
212 103
103 556
213 789
789 556
420 623
869 868
790 865
422 120
796 797
868 797
597 423
217 797
218 565
132 120
423 867
511 120
867 601
865 556
431 428
800 556
428 515
797 429
429 635
625 635
635 634
634 629
120 433
601 433
149 454
433 629
629 519
220 442
221 628
442 443
227 628
463 619
628 270
619 239
624 623
623 614
229 614
556 443
443 515
614 609
230 448
448 609
454 609
609 237
237 608
608 5
605 603
455 239
515 604
604 603
519 239
603 570
524 239
570 525
5 525
239 565
565 241
562 525
560 558
558 536
536 531
525 531
531 529
527 529
529 270
270 241
241 22
22 14
14 13
13 11
11 9
9 6
6 2
2 1
1 0
827 556
626 53
415 920
686 58
811 106
171 429
455 196
98 628
636 823
878 391
909 332
895 389
25 895
361 4
851 75
61 113
642 63
652 759
439 189
967 122
24 399
464 638
710 795
291 107
944 774
881 35
86 488
763 288
700 147
395 842
468 279
964 939
471 406
920 921
910 956
690 491
513 774
951 638
937 419
916 790
569 102
926 613
334 478
272 977
437 720
72 29
144 735
163 446
897 847
248 832
945 850
874 84
136 107
83 144
791 357
429 204
810 216
368 753
98 705
748 836
966 385
6 830
876 541
308 305
674 302
506 113
459 245
544 450
600 118
952 687
223 955
475 949
318 97
599 190
434 682
360 972
509 159
73 507
371 780
971 521
671 276
670 676
480 646
612 635
817 349
456 195
878 315
753 666
212 629
210 12
568 523
852 420
259 282
838 452
321 688
209 855
682 466
898 557
533 340
930 814
251 144
127 95
314 565
200 53
611 236
504 859
319 568
286 31
339 389
290 479
193 641
279 104
165 884
612 945
399 912
881 670
100 47
704 39
456 775
395 686
539 78
958 671
941 277
915 522
263 220
956 249
619 285
366 173
100 968
669 269
505 211
570 43
381 152
20 918
704 574
411 742
48 532
619 674
344 309
528 304
96 313
737 701
500 216
896 620
35 67
889 130
154 189
817 830
145 270
134 97
831 237
887 956
351 502
834 71
884 651
989 589
84 43
127 626
15 96
618 332
510 336
824 633
412 203
631 620
640 415
950 645
430 428
190 896
692 233
73 649
960 43
521 440
231 708
877 429
965 331
528 988
531 144
664 608
472 411
108 297
678 202
651 564
780 212
618 197
455 866
872 464
977 124
355 361
875 576
541 827
436 560
46 697
794 907
704 179
294 592
576 712
687 980
134 345
147 5
959 60
62 109
706 689
888 816
251 645
742 433
160 409
756 178
974 487
513 236
516 100
922 32
1 513
911 314
586 831
936 188
76 844
772 444
966 255
243 828
635 888
867 19
920 146
86 64
939 442
160 3
610 383
147 196
434 948
129 588
290 952
578 96
352 422
845 683
505 504
405 800
36 34
50 676
572 621
270 841
339 759
283 760
945 974
229 51
855 61
540 640
764 845
963 415
984 504
361 662
953 193
628 633
200 172
502 876
530 734
640 825
921 122
276 523
306 525
649 47
596 468
989 793
187 609
791 573
825 700
1 532
782 971
359 303
730 67
611 326
303 189
369 315
808 143
565 584
756 210
182 738
836 539
604 551
296 928
321 946
570 917
407 559
292 740
646 483
540 138
636 115
688 691
545 960
409 4
614 604
704 29
891 343
734 510
55 415
682 126
956 154
115 434
811 739
621 756
69 570
878 62
956 613
652 219
72 829
151 903
727 9
572 330
641 277
417 751
253 79
145 969
173 285
643 125
631 944
691 409
449 17
893 635
417 55
516 517
380 118
398 123
486 458
25 657
482 646
819 54
251 259
209 93
135 248
940 781
112 784
200 560
550 884
138 184
399 338
424 146
301 445
916 169
259 125
913 404
324 435
555 748
185 759
831 217
739 30
463 776
477 272
583 383
840 76
761 778
922 846
604 679
431 539
690 481
561 673
735 346
574 718
298 506
279 590
599 479
928 359
267 444
466 68
765 808
617 880
62 760
227 337
513 12
264 809
415 485
561 129
647 68
183 323
555 584
447 667
424 471
977 474
124 927
616 260
749 321
23 540
718 686
42 503
564 547
273 417
903 378
738 225
418 574
251 411
770 793
12 611
499 585
225 755
436 772
250 982
147 479
307 626
240 358
872 714
469 771
913 332
467 939
247 459
568 35
515 869
23 47
752 378
283 841
273 101
883 939
946 791
768 389
144 899
27 957
453 107
303 110
88 359
534 250
463 350
443 461
700 670
29 667
329 14
773 13
527 649
886 42
905 524
350 165
601 125
234 517
150 788
538 373
390 455
763 571
70 584
280 831
581 7
536 589
207 224
696 484
125 566
101 577
179 330
524 676
948 855
61 546
366 920
482 231
235 30
94 439
396 406
834 85
2 916
597 289
951 483
225 171
950 703
360 356
206 761
286 313
369 738
797 378
804 109
619 113
749 623
556 406
583 838
59 248
436 102
420 467
808 688
170 809
919 433
700 295
945 908
571 951
140 638
416 78
210 291
40 435
502 958
454 939
445 819
648 47
859 683
561 174
708 945
832 802
849 568
702 179
67 875
788 568
495 889
702 643
193 989
793 464
96 572
866 812
943 638
806 346
737 291
882 597
552 33
898 806
101 460
398 504
40 37
905 15
382 752
25 443
412 770
375 893
36 305
623 760
687 136
252 929
672 53
136 162
613 985
246 454
599 246
810 795
261 125
455 493
273 954
320 469
304 258
188 209
96 478
433 79
956 519
941 230
256 801
834 186
103 136
740 103
552 110
507 811
640 86
246 515
283 885
584 347
701 561
640 448
912 724
296 494
670 813
503 930
454 903
61 425
730 934
102 136
281 945
509 771
921 607
248 105
347 33
605 966
530 471
410 324
718 352
846 832
145 77
531 907
706 790
450 748
892 228
11 480
805 158
915 594
322 717
182 870
877 520
286 609
317 418
437 813
219 314
312 364
182 585
108 603
940 123
111 456
559 750
351 632
83 979
624 73
592 318
339 980
556 343
804 274
583 856
233 760
550 933
515 71
943 7
202 233
747 472
673 340
317 321
629 646
663 638
805 391
737 898
673 231
722 539
48 530
454 930
697 337
262 491
599 690
5 550
537 624
787 210
171 982
120 587
705 872
769 873
426 420
229 818
939 190
442 619
688 64
846 664
814 825
154 768
301 505
705 81
43 460
446 597
433 894
587 150
927 934
986 919
437 64
84 672
288 186
127 158
356 135
452 650
587 985
743 148
156 24
710 26
739 352
514 407
173 327
762 235
814 286
376 278
865 102
68 930
715 817
641 81
922 799
151 854
399 525
816 88
716 707
975 418
622 627
695 519
319 23
247 503
127 106
372 590
616 57
472 797
955 570
839 841
58 248
911 94
585 435
812 705
71 700
788 153
391 67
690 840
702 762
694 52
8 910
709 642
298 264
51 888
750 75
169 611
442 260
384 787
986 494
660 270
693 563
527 15
58 521
573 468
623 370
836 790
845 371
835 519
592 172
772 571
586 317
83 669
782 71
960 908
668 366
605 288
17 680
235 748
462 289
565 695
102 845
249 849
444 398
78 485
118 692
905 121
535 52
943 633
254 934
952 50
662 830
710 110
622 409
264 671
41 872
893 469
216 205
867 793
640 194
917 664
247 863
398 287
874 382
563 193
317 959
32 487
426 441
966 416
623 773
276 471
675 774
318 682
887 6
399 883
647 299
308 319
747 40
640 130
208 736
58 109
708 830
265 836
939 165
305 595
63 606
464 117
70 926
786 970
747 525
267 31
71 279
912 941
661 243
467 540
623 846
559 572
509 182
561 316
548 508
110 551
425 831
351 69
169 663
335 142
97 417
782 981
820 384
749 308
150 957
142 862
812 437
14 329
66 465
305 368
855 757
288 266
593 508
687 554
977 41
598 91
600 803
361 404
566 525
898 736
949 729
958 882
172 108
272 30
784 943
672 594
173 643
486 887
808 278
543 953
527 78
133 911
883 145
83 10
60 477
297 402
840 894
717 50
419 885
276 183
606 289
849 9
597 208
889 523
688 181
705 331
767 519
684 342
259 928
740 176
44 211
556 790
424 168
588 393
8 527
680 555
549 86
816 136
268 383
16 645
463 872
982 924
662 849
772 747
850 740
541 323
249 797
510 630
166 117
843 76
263 907
471 792
366 724
429 270
679 301
602 310
254 572
572 97
518 682
239 914
963 985
487 60
153 136
956 470
942 254
653 612
336 759
430 681
314 796
171 64
714 201
362 335
285 447
177 721
654 924
489 979
46 830
86 347
257 442
480 224
571 542
217 443
265 921
290 829
126 540
813 359
336 674
283 83
722 838
339 735
915 330
19 170
697 50
577 823
703 818
389 301
0 598
144 647
398 941
635 779
518 524
751 27
117 336
917 181
666 543
4 718
904 309
422 182
118 376
535 545
406 431
780 156
968 560
829 794
769 329
877 940
720 752
741 113
181 972
107 730
18 36
886 737
519 341
411 33
804 437
502 908
972 383
196 149
630 756
915 527
897 286
135 840
466 658
805 97
37 558
475 359

