993 1164
557 286
124 163
394 395
775 311
507 21
181 483
847 928
948 818
977 571
191 884
963 853
233 863
26 666
939 795
915 476
291 638
165 531
392 160
508 553
305 940
426 858
824 703
558 402
825 216
989 423
330 609
90 946
768 643
148 901
720 98
949 319
72 809
444 472
835 36
144 522
759 860
776 483
670 564
130 174
39 808
651 902
249 748
981 812
529 396
58 737
693 679
622 213
889 260
160 425
606 662
314 627
757 75
155 910
923 630
494 950
827 301
228 52
106 41
668 471
574 646
869 25
990 483
273 696
737 884
282 752
721 516
487 955
861 784
161 163
964 20
48 724
695 407
647 549
46 520
195 352
328 186
747 746
362 838
527 565
351 779
511 167
259 118
845 595
618 12
302 145
770 107
890 468
732 352
849 780
814 947
859 566
379 149
607 425
412 907
240 945
60 331
811 505
380 677
971 427
381 323
625 886
440 183
25 373
231 358
773 235
168 105
411 243
590 919
904 356
502 802
435 722
32 912
226 719
180 672
241 531
803 891
515 372
366 77
459 78
600 430
553 608
33 657
396 645
82 189
479 360
850 364
841 966
367 564
713 705
4 112
758 51
741 809
852 50
453 149
941 37
632 445
495 499
187 506
754 643
368 373
207 648
320 829
204 174
406 169
134 905
810 563
633 585
671 245
8 722
733 735
761 534
162 177
953 972
792 119
580 355
42 843
340 116
365 413
879 59
125 650
197 838
950 51
514 976
491 252
234 152
913 47
62 87
140 575
229 230
76 851
856 329
583 421
888 892
493 200
774 873
126 188
608 132
905 316
505 326
457 503
715 604
40 593
716 570
286 433
488 489
867 934
188 858
641 648
478 164
781 410
556 47
284 935
182 804
504 777
648 23
705 538
382 95
268 472
274 924
887 150
881 970
57 914
591 431
516 812
176 822
460 639
189 513
672 402
167 12
496 891
506 451
433 780
483 975
921 107
897 230
224 70
458 771
680 742
829 100
919 363
24 779
656 374
247 383
979 116
936 310
677 927
455 942
777 652
431 255
131 929
11 232
738 610
970 369
199 944
954 634
456 594
443 152
484 283
185 447
521 285
528 432
922 924
886 812
296 537
288 537
159 739
325 254
107 114
692 423
542 726
235 313
925 251
694 988
419 510
804 428
145 843
401 91
34 405
250 724
21 778
726 97
955 892
61 945
63 306
383 12
322 64
100 762
609 700
350 559
101 584
984 132
537 664
914 2
103 353
780 854
65 371
461 338
920 485
762 610
393 205
68 718
311 706
717 696
402 163
828 612
891 28
360 451
321 573
843 315
425 217
465 567
864 539
215 801
892 200
307 323
500 445
544 681
951 748
555 870
387 538
31 885
35 497
735 115
602 748
346 221
637 519
947 568
361 332
69 581
710 755
312 66
940 324
509 169
127 64
255 860
678 520
674 339
354 352
363 893
870 916
976 718
906 517
718 77
186 248
102 128
192 596
725 749
844 251
64 704
450 194
73 789
248 952
930 326
462 319
714 267
907 342
105 408
196 370
10 236
533 704
809 341
846 636
880 158
581 928
283 743
937 894
526 517
172 681
14 429
503 133
251 765
682 285
965 652
689 893
66 604
742 345
331 685
163 18
156 874
836 108
967 722
169 877
137 812
973 417
769 436
853 956
198 568
860 376
871 171
517 862
766 469
480 539
911 436
170 355
28 667
260 400
837 610
22 489
146 510
778 428
36 96
848 673
586 352
490 771
638 800
560 369
84 269
522 323
369 54
285 175
364 80
276 952
928 67
329 464
746 49
287 290
895 236
679 912
332 94
59 709
481 373
851 333
6 67
333 343
751 449
386 807
791 830
815 289
924 745
639 763
370 779
669 752
610 893
225 972
499 5
489 344
77 492
116 466
445 277
171 559
518 818
54 424
816 3
945 822
666 722
123 355
258 497
194 108
779 341
232 530
122 497
893 211
942 786
952 523
492 690
0 475
513 974
308 876
708 451
237 409
908 371
798 298
980 722
303 183
523 575
55 205
621 94
37 548
909 147
519 932
147 485
281 956
719 252
530 578
201 817
112 158
306 660
987 119
784 353
592 582
200 271
486 683
748 623
357 763
630 575
629 239
562 193
876 18
926 673
202 673
434 956
315 252
441 760
960 584
723 912
164 12
429 342
7 335
546 278
624 52
652 132
132 85
961 395
882 767
12 524
420 900
157 598
497 289
236 956
70 645
501 463
205 676
272 910
653 227
471 531
203 985
838 405
830 149
117 442
898 432
685 56
706 371
854 38
289 899
86 263
702 371
13 520
352 593
334 972
190 681
304 707
910 275
115 316
611 384
149 877
178 743
956 206
279 193
764 16
193 227
833 752
238 341
634 71
612 108
883 470
280 805
817 158
309 23
38 482
27 239
957 943
617 932
901 613
310 734
316 734
482 206
663 313
872 290
793 686
613 166
808 800
510 691
375 598
615 290
371 344
449 927
681 547
463 415
313 277
894 782
707 966
771 9
958 470
372 464
335 675
972 338
227 129
595 598
183 782
384 927
712 959
52 206
104 582
464 421
931 559
938 636
166 962
896 466
391 975
128 978
498 823
548 877
376 782
239 430
943 983
67 912
903 729
385 397
47 855
51 327
92 749
388 184
206 959
743 649
986 359
722 619
208 842
552 927
9 267
230 538
763 799
223 578
585 821
221 665
209 71
30 150
839 95
473 466
698 866
89 512
108 353
109 110
531 373
568 709
885 584
377 840
709 378
173 110
113 91
317 373
535 56
934 150
840 842
485 944
884 755
97 136
261 222
91 899
15 395
593 512
734 640
785 17
740 275
336 614
724 212
899 252
974 927
575 512
736 756
512 831
136 466
442 975
944 297
588 19
676 298
900 640
975 129
727 71
596 301
133 16
210 242
520 174
71 277
447 373
446 403
341 988
664 918
416 902
873 242
831 614
358 524
466 782
3 422
129 576
916 474
983 290
686 818
929 539
467 93
745 728
917 619
988 472
614 211
524 812
541 794
390 927
532 252
782 338
794 56
525 242
395 842
242 135
760 755
451 646
49 318
150 436
787 728
826 327
703 584
275 863
902 534
118 262
110 373
752 338
912 675
74 347
534 966
323 211
635 623
257 318
918 559
318 795
75 16
728 174
597 536
243 119
576 927
417 244
927 729
359 413
564 536
174 755
216 855
41 877
111 141
290 269
806 211
932 540
933 554
729 551
935 626
536 389
452 946
673 244
832 5
135 475
45 421
818 730
397 217
437 569
114 822
842 675
175 319
744 78
342 549
538 78
946 78
539 646
324 337
244 53
978 353
219 151
730 807
687 874
78 252
408 772
138 436
855 23
448 262
474 739
292 959
589 959
262 616
119 540
120 959
540 252
301 43
245 834
151 688
959 20
982 587
87 293
184 398
211 731
141 212
139 121
857 962
79 783
659 858
212 966
96 962
642 277
454 579
731 739
16 812
696 177
962 427
337 80
559 966
616 966
966 968
626 985
213 415
43 968
398 56
783 858
675 436
319 252
968 389
655 326
430 969
214 969
326 985
300 750
683 969
985 868
17 277
874 404
805 217
749 795
543 400
373 80
217 338
834 765
594 378
256 436
786 868
80 545
56 421
399 969
246 409
619 991
468 862
795 969
545 143
858 699
750 177
277 969
143 547
99 991
218 121
862 88
374 121
547 378
428 549
969 1
549 400
765 220
561 297
550 551
753 991
991 44
577 421
863 327
252 755
253 643
767 992
378 254
220 755
95 254
739 821
992 620
878 551
50 278
704 327
293 389
551 563
563 599
18 554
649 865
327 554
554 598
877 565
865 866
142 414
665 222
644 755
477 636
338 565
875 820
389 98
19 20
866 222
755 868
868 823
400 158
756 823
344 711
823 690
469 822
403 53
158 822
278 822
470 565
222 404
822 772
53 821
415 684
821 81
582 598
121 339
177 472
772 643
472 788
820 179
436 254
152 475
404 418
819 690
565 813
153 566
788 813
81 566
154 813
566 348
271 813
640 179
813 812
98 598
567 179
179 789
701 812
789 294
254 405
405 790
263 569
264 294
407 265
569 812
812 409
570 339
345 265
23 584
807 571
684 802
571 20
265 802
88 700
85 418
266 572
657 802
409 802
475 688
802 432
267 572
476 572
269 20
801 270
347 572
410 270
688 339
270 572
20 427
294 295
800 790
711 295
5 643
295 799
799 797
297 572
44 298
797 796
298 790
299 620
790 620
796 339
572 83
700 573
1 339
93 699
699 697
697 343
83 691
339 573
343 413
691 348
690 667
620 573
667 94
662 94
349 661
661 660
413 348
573 660
348 353
353 660
587 660
355 660
578 579
414 94
418 421
660 658
579 623
356 658
658 598
603 421
654 421
421 584
650 646
584 94
646 94
422 423
598 432
645 599
29 643
599 94
423 627
424 94
601 94
427 432
604 432
643 432
94 636
636 631
631 628
432 605
438 628
628 627
439 605
627 605
605 623
623 2
115 711
637 365
357 604
633 608
558 612
1 815
326 870
399 570
634 812
843 170
239 599
749 709
602 584
539 832
886 897
534 816
155 488
772 607
567 321
331 701
987 700
619 419
674 934
772 974
830 562
133 836
990 122
95 282
89 466
308 628
225 581
565 644
244 509
525 302
728 446
196 194
939 245
804 92
655 41
924 593
27 680
505 668
436 801
981 644
799 732
545 710
426 115
236 931
912 13
116 906
711 459
203 174
970 357
164 774
897 640
793 53
328 948
130 687
212 770
580 156
327 547
663 173
863 413
413 15
416 342
320 562
285 865
964 196
578 587
8 112
493 254
836 509
246 760
106 864
25 636
329 800
682 339
912 12
409 421
460 80
15 408
204 147
862 487
234 531
313 680
631 736
839 567
773 315
105 705
603 378
618 194
166 7
116 191
670 66
489 524
476 526
538 839
84 902
643 601
784 668
273 170
227 296
175 402
180 326
75 369
75 793
892 802
396 559
523 11
314 594
195 117
190 788
18 970
512 251
963 425
531 978
636 803
832 59
411 139
554 252
533 921
762 893
332 741
658 835
565 537
215 505
662 615
700 28
894 62
934 559
742 818
262 241
939 400
33 235
426 296
977 892
875 717
820 867
87 732
674 701
634 382
607 597
369 259
476 932
934 610
286 971
275 383
475 104
84 217
67 708
893 32
256 110
454 308
852 917
869 775
37 756
395 806
825 253
620 954
29 800
144 6
223 31
369 411
415 246
73 871
20 578
819 313
288 913
462 807
581 552
613 24
135 736

