987 1137
37 237
737 469
721 514
865 849
945 550
548 937
862 85
869 614
45 792
74 383
43 582
345 196
320 436
805 283
324 336
773 38
134 400
830 687
392 104
921 950
933 488
701 330
298 809
103 347
254 52
147 623
695 731
53 750
173 570
73 38
81 682
576 435
506 708
535 696
833 450
299 279
749 294
799 474
810 235
964 635
197 410
927 205
549 468
144 17
281 644
671 228
2 426
934 874
464 678
716 401
185 282
69 772
505 812
565 939
274 354
802 919
664 720
394 167
157 742
634 687
153 604
11 714
526 821
612 704
438 611
234 71
135 834
295 590
346 311
966 429
932 508
572 117
24 514
598 731
633 724
246 16
110 109
563 259
306 724
92 485
55 574
232 136
206 608
867 410
31 12
889 277
140 686
136 229
950 83
444 32
362 404
768 166
491 453
538 874
729 162
626 405
188 115
287 311
579 369
985 930
978 8
604 982
986 682
728 107
567 433
856 976
21 815
971 735
256 453
808 223
744 216
125 803
181 255
783 278
550 592
420 836
849 819
750 755
747 422
940 226
908 696
305 91
647 748
312 96
416 145
218 916
706 347
182 425
515 501
54 388
697 582
906 203
195 534
372 901
47 886
132 642
3 690
100 528
405 635
960 653
128 15
654 631
337 349
613 593
902 586
85 722
68 975
163 211
533 770
554 456
577 145
46 973
813 338
562 892
575 426
694 827
139 77
677 196
496 166
0 707
440 601
268 771
87 863
338 484
731 962
566 782
928 578
967 51
702 700
539 659
629 870
717 397
687 59
184 568
482 592
177 65
619 93
116 229
212 501
666 818
545 589
919 564
257 553
546 480
854 929
192 719
67 180
131 421
101 209
936 500
35 94
578 789
382 704
962 756
348 421
777 834
690 137
863 492
51 303
410 38
820 449
311 903
419 672
827 484
791 388
70 699
293 691
141 949
631 186
258 480
339 457
304 449
271 82
376 809
453 864
627 255
481 809
752 33
462 384
760 930
637 426
4 283
367 52
425 80
722 71
493 561
784 459
280 848
628 80
247 793
703 310
395 90
678 850
213 512
57 696
64 129
113 72
953 93
368 10
102 568
412 512
26 487
681 970
36 759
38 785
935 350
9 903
443 314
233 941
658 517
712 912
595 71
745 868
610 963
454 22
114 937
771 589
909 5
894 776
325 689
968 223
203 370
452 719
965 884
421 850
850 314
52 175
882 630
899 951
373 202
603 202
432 588
931 94
910 166
168 260
521 422
700 916
343 975
984 668
635 959
646 938
243 178
396 472
796 887
615 466
427 776
366 727
970 374
465 204
583 450
201 853
227 599
214 957
360 241
739 599
599 638
607 137
819 84
282 552
494 883
704 235
149 456
290 484
386 659
93 468
509 90
307 636
460 263
20 237
109 834
94 497
879 61
836 445
277 145
127 359
652 581
463 473
944 231
417 705
381 975
492 354
442 938
86 917
573 145
751 263
252 90
915 436
868 746
705 263
982 974
495 402
347 774
10 240
352 748
600 393
839 402
6 205
806 861
782 62
313 359
489 60
511 632
286 198
514 48
308 148
56 331
911 285
90 528
121 698
107 145
422 12
632 679
65 148
400 772
430 388
756 855
780 748
388 321
471 746
238 28
508 497
821 472
48 217
946 375
667 165
708 193
27 601
886 785
264 167
866 834
158 15
530 855
814 616
83 175
50 426
630 374
186 974
815 455
12 525
374 22
353 469
357 881
145 497
772 71
180 22
605 696
698 365
524 640
16 665
104 196
251 1
25 13
918 154
446 762
91 120
553 963
369 832
797 937
942 310
379 669
300 253
504 788
636 774
250 314
138 467
49 648
129 871
723 198
650 309
22 235
507 718
510 880
259 39
663 204
709 826
262 835
943 309
851 903
972 691
983 611
755 724
785 447
584 208
691 198
497 596
528 900
365 976
822 189
187 137
807 746
841 137
265 568
95 525
638 179
947 890
675 852
42 903
63 326
303 375
786 871
873 118
769 205
512 870
363 623
285 844
423 823
875 912
840 375
253 844
399 82
351 787
742 415
764 190
963 787
58 71
816 639
551 436
558 954
905 413
948 220
937 887
981 39
679 792
798 645
414 801
207 219
5 283
979 189
938 585
332 770
487 639
189 765
574 150
166 309
30 789
540 314
857 148
536 543
809 328
580 843
96 564
356 738
229 130
190 537
59 513
846 710
28 314
174 696
327 890
527 15
7 175
172 774
79 260
23 648
568 108
404 620
88 294
97 71
890 294
171 17
322 555
519 811
260 119
707 119
969 710
316 175
261 418
266 847
537 176
655 248
483 239
738 331
787 455
611 13
713 490
740 552
569 754
876 954
191 922
803 651
949 973
44 401
746 888
361 837
525 870
973 673
586 263
811 710
278 175
930 547
215 680
33 939
8 581
800 267
843 812
581 845
653 870
765 714
974 29
643 323
673 523
447 955
880 498
571 160
661 975
415 975
951 151
692 457
774 939
380 29
490 78
864 335
639 402
418 801
596 309
193 582
397 534
150 817
743 818
183 929
424 426
640 167
472 939
699 645
196 608
870 812
411 592
309 477
80 377
543 710
980 142
939 179
725 105
916 126
318 597
301 904
349 556
644 60
159 152
426 32
66 614
167 513
169 834
398 350
194 170
693 445
137 71
534 975
552 623
60 387
888 448
735 146
748 244
753 682
541 710
106 710
825 823
724 516
641 199
778 133
609 812
120 601
672 279
812 333
75 29
445 852
175 710
817 130
431 913
736 925
378 105
160 375
176 204
105 98
696 239
310 98
711 220
393 659
513 364
178 941
179 975
582 606
401 198
457 98
896 941
781 336
718 387
559 823
71 788
757 665
117 364
727 486
516 732
314 350
614 585
710 818
77 884
570 952
279 170
831 715
920 32
402 618
726 719
469 770
954 852
828 403
170 377
484 788
321 801
275 758
522 130
236 479
668 898
249 450
674 198
754 741
788 620
161 413
61 523
437 502
326 429
118 126
834 244
62 881
333 730
891 198
758 929
162 498
211 78
789 594
956 29
115 76
72 776
794 263
523 359
198 315
881 642
39 818
32 29
792 555
656 255
428 597
714 429
818 317
276 648
741 76
302 823
715 146
34 199
657 485
685 270
616 775
255 759
358 403
350 406
832 555
323 219
801 383
315 597
952 912
89 531
517 585
133 642
766 883
975 913
108 364
383 941
76 202
845 199
779 439
835 354
202 823
263 220
719 98
142 1
143 384
406 852
267 823
907 334
759 78
272 976
665 29
146 82
292 852
78 884
955 283
164 874
199 448
319 871
977 82
82 1
283 385
659 341
84 761
384 354
795 660
669 941
130 900
413 407
485 670
228 720
660 429
98 720
670 518
470 200
602 676
498 761
761 294
871 473
529 99
606 429
200 775
941 823
403 389
662 826
872 560
957 912
119 874
594 555
848 676
958 625
433 914
842 976
642 913
874 270
204 720
547 111
499 518
216 154
317 99
976 29
330 151
597 961
555 877
767 917
407 466
823 99
680 41
29 645
837 877
449 205
585 877
458 531
205 720
455 608
434 922
959 155
542 804
291 99
645 155
961 900
733 208
601 466
929 762
429 592
408 328
587 900
926 676
883 269
148 40
208 925
730 99
925 844
887 40
518 924
901 354
99 686
608 231
459 288
790 435
122 284
217 824
622 111
593 40
231 520
13 40
617 473
364 793
903 824
897 331
793 847
370 209
762 409
209 855
824 328
14 111
621 488
924 371
435 478
377 618
296 720
763 210
770 461
838 439
328 288
385 210
922 898
40 852
269 923
588 409
41 436
898 284
354 389
804 270
618 340
892 775
826 884
560 556
775 544
473 371
270 648
590 329
829 923
884 409
284 273
620 210
852 456
436 111
371 844
474 210
235 732
564 623
237 111
334 923
623 288
544 210
589 923
624 844
556 648
126 912
900 591
111 112
561 625
112 557
732 123
734 520
151 123
720 500
123 210
844 329
355 409
210 847
219 676
375 877
335 387
439 531
390 923
466 847
124 625
165 557
441 847
155 467
152 154
220 923
154 221
156 853
923 917
448 776
531 288
557 221
917 591
450 914
329 451
914 676
776 625
591 625
221 486
847 676
273 230
648 625
592 625
853 359
222 244
387 855
520 223
855 649
451 858
223 625
625 858
858 389
912 389
17 877
224 913
389 651
331 225
336 649
649 893
859 1
456 340
913 225
359 651
461 860
860 651
861 532
225 391
877 651
651 503
878 288
676 885
226 885
288 230
682 230
688 230
230 885
239 885
885 467
467 240
683 240
904 893
391 893
289 240
684 532
240 241
241 409
532 294
686 409
689 893
294 893
893 895
895 242
242 503
503 244
244 502
409 502
502 468
501 15
340 500
500 488
245 468
488 297
297 486
341 342
342 486
486 344
480 248
475 479
476 468
248 344
15 479
468 479
479 344
477 478
478 344
344 19
19 18
18 1
29 43
625 205
203 5
154 90
318 923
32 708
344 470
938 101
122 161
570 356
849 518
215 963
164 201
675 74
55 432
869 588
964 460
852 737
92 689
323 24
202 446
38 258
606 218
493 961
264 608
752 222
25 898
501 690
970 237
432 593
531 466
872 643
918 359
431 926
281 629
871 431
569 65
345 215
538 799
56 768
78 303
944 186
552 110
572 45
609 842
733 601
557 906
117 881
901 497
571 260
705 140
161 735
949 256
586 553
164 143
53 576
93 344
271 917
921 949
746 950
426 77
484 50
516 149
802 784
857 668
509 85
115 693
754 158
724 689
884 379
449 18
892 890
3 230
230 95
966 9
898 642
674 694
694 3
641 692
780 443
243 397
349 822
289 554
267 595
878 743
786 899
105 613
487 233
571 953
926 856
400 580
76 291
47 400
232 86
21 61
482 600
914 361
661 27
331 364
513 430
915 449
68 33
98 768
625 867
648 607
400 130
198 91
746 162
159 809
933 844
58 377
732 497
67 337
903 204
775 501
799 336
793 625
492 87
442 908
600 202
707 318
599 567
729 455
795 629
959 471
978 590
628 137
829 514
799 320
731 320
635 804
596 418
974 815
449 398
857 570
219 925
236 476
815 621
856 204
717 366
739 780
268 72
475 779
445 330
454 455
772 325
927 631
429 838
216 487
647 332
643 318

