990 1920
346 505
429 214
786 194
352 773
669 462
823 200
452 316
825 111
121 428
848 920
794 242
670 52
185 764
263 816
866 887
231 619
544 319
84 756
331 583
482 944
186 719
403 439
70 238
21 242
770 725
176 501
934 812
173 442
709 666
898 210
960 329
646 105
60 907
341 875
309 303
434 213
468 285
345 711
641 907
537 49
479 62
668 700
125 402
691 16
567 200
88 278
197 394
475 174
182 543
33 57
654 450
500 826
850 105
946 698
140 93
17 802
339 570
117 49
338 945
122 137
262 754
470 347
861 388
768 463
582 18
678 515
248 535
711 586
315 732
48 311
760 592
796 753
550 364
949 1
979 593
928 87
729 137
467 426
426 573
756 879
359 249
744 80
800 107
720 177
872 638
758 859
829 200
803 420
642 332
347 340
63 769
516 596
348 284
658 645
111 141
873 279
256 493
487 151
58 539
702 310
604 795
748 7
791 310
826 925
463 301
340 251
205 882
61 293
814 314
156 966
982 257
910 283
316 733
988 811
818 337
237 734
764 101
749 889
178 813
919 950
30 579
765 517
137 896
621 583
421 757
64 887
659 519
249 112
718 208
272 855
428 267
15 179
822 886
572 797
127 187
259 634
525 754
24 62
378 373
656 704
425 565
591 501
622 483
592 253
502 735
894 157
971 351
836 660
687 39
692 751
830 900
860 722
833 474
782 568
443 925
282 944
283 97
242 864
869 834
332 444
344 101
12 679
726 905
623 476
220 577
247 494
66 824
442 965
897 138
816 536
187 712
891 250
515 7
106 382
103 783
25 371
179 143
915 104
918 34
787 19
921 929
912 542
519 945
611 371
771 700
508 445
719 745
342 476
3 576
91 909
740 402
920 293
696 767
227 164
940 643
673 983
941 112
22 801
789 488
69 895
23 689
579 958
399 143
370 700
961 705
834 486
680 191
795 365
629 783
310 827
147 422
343 597
863 90
99 427
553 797
210 273
732 294
284 89
884 289
436 6
95 221
225 65
624 180
115 977
68 353
439 521
530 236
261 964
228 652
645 792
811 938
334 851
349 277
190 386
739 610
154 45
350 35
693 148
865 517
930 203
65 901
207 120
67 276
780 351
5 824
864 38
373 45
824 737
607 356
772 336
289 149
688 522
37 827
632 264
250 384
518 292
413 870
821 610
351 368
539 520
804 427
301 422
285 6
510 790
807 681
384 483
827 453
737 704
211 754
183 353
808 867
832 650
540 843
862 563
243 892
603 445
751 947
835 366
902 394
773 947
59 643
837 303
218 295
932 809
501 268
686 973
847 596
382 617
335 307
812 684
371 532
184 730
734 11
925 478
727 694
189 875
214 671
105 353
703 96
701 752
842 987
465 219
325 854
578 71
353 139
892 541
769 57
71 13
251 568
430 198
126 586
326 26
634 935
302 82
354 608
89 155
652 967
124 876
400 790
466 741
13 885
469 53
14 931
706 317
62 631
893 118
503 828
355 633
774 750
767 462
369 290
985 77
462 828
735 43
143 526
630 750
276 568
970 981
486 128
188 817
417 201
870 790
929 72
733 926
471 828
511 745
788 365
232 78
778 750
86 72
689 295
657 229
26 113
80 741
647 584
762 551
750 754
366 588
238 372
277 889
132 797
128 498
75 913
574 275
655 191
790 783
306 690
973 817
409 295
935 206
554 155
909 269
215 775
614 638
279 269
793 600
512 206
410 638
104 724
375 239
781 330
801 874
903 615
849 723
626 838
967 560
116 212
164 418
675 805
327 874
308 260
144 856
653 907
356 568
0 476
484 490
922 333
608 648
72 524
962 757
16 728
379 631
619 605
806 264
715 431
27 318
337 108
20 208
504 867
166 445
605 380
43 171
931 38
938 172
136 676
775 295
952 853
44 776
968 776
792 933
875 527
694 408
805 888
755 963
569 118
838 474
97 580
226 82
320 958
155 244
488 947
485 87
229 695
204 195
28 357
974 831
839 895
118 904
958 887
6 841
598 239
635 300
660 776
73 704
766 153
386 613
202 208
472 419
856 303
312 933
978 597
317 303
529 357
676 18
18 54
385 969
517 911
580 357
911 710
987 828
473 230
290 636
562 383
167 440
46 761
609 571
281 193
779 40
585 899
209 531
695 913
45 489
969 936
123 357
41 752
568 357
636 4
208 491
933 590
191 506
959 509
895 119
319 857
96 474
534 113
444 387
871 625
431 707
637 820
233 538
492 74
672 555
360 745
445 142
606 798
253 809
151 556
851 661
888 36
704 145
367 357
752 286
148 697
323 776
274 896
474 570
963 47
923 610
476 414
852 896
396 615
286 809
541 802
528 964
845 493
414 548
402 217
311 610
234 521
387 538
100 456
333 883
776 783
721 112
617 716
74 649
168 523
34 269
19 505
219 936
464 221
357 39
328 489
853 797
138 287
29 206
989 890
31 119
171 809
840 615
783 521
336 757
303 358
374 112
119 777
936 618
705 415
288 381
799 32
649 32
937 497
363 313
777 797
212 643
924 661
841 213
358 252
299 380
784 192
32 520
950 520
785 797
964 905
149 661
551 707
157 926
661 531
595 927
76 638
477 797
180 549
527 535
663 172
313 112
843 643
497 662
404 844
625 618
252 736
296 561
575 505
610 707
926 638
986 844
292 77
797 221
361 509
965 757
972 478
559 266
390 478
681 192
162 266
35 38
222 809
880 273
255 966
362 416
798 757
520 264
828 717
927 90
200 802
107 802
612 802
753 139
291 101
523 831
380 364
287 627
424 736
47 235
304 984
802 129
697 631
662 129
36 77
542 552
555 896
224 844
454 754
939 506
700 453
203 633
817 293
809 329
953 489
813 664
192 831
984 913
298 142
966 815
810 129
844 627
945 38
667 230
728 329
131 438
671 406
77 383
627 576
628 942
260 4
81 305
388 165
754 364
201 631
881 364
264 78
983 448
815 265
665 690
819 820
498 741
831 213
422 483
364 300
820 38
531 145
633 230
942 406
975 570
433 437
49 365
393 7
690 38
177 139
150 708
50 548
483 981
257 376
158 846
759 976
857 329
943 489
94 435
714 78
648 951
213 846
846 478
365 368
244 757
181 273
163 478
664 239
159 395
198 576
435 581
38 615
478 908
854 855
87 976
505 206
613 666
216 855
976 318
590 947
368 108
722 855
900 39
698 981
448 855
874 855
383 757
855 39
879 174
397 480
615 405
944 724
899 372
391 265
913 674
882 489
947 858
372 398
376 981
506 858
405 78
593 876
221 710
858 139
859 114
565 456
948 867
536 193
867 268
206 954
165 92
377 761
666 868
868 78
977 193
890 415
980 217
584 108
1 381
254 876
266 239
876 757
458 392
723 877
381 389
258 717
877 878
546 730
39 280
457 293
423 389
217 495
481 878
161 878
878 883
724 394
394 674
42 883
480 389
883 109
981 129
620 707
640 564
273 40
120 169
901 160
889 199
223 230
699 885
235 638
736 521
885 230
489 886
7 145
194 521
896 954
560 389
886 152
40 887
236 307
392 521
460 951
707 887
887 951
389 904
552 674
141 450
78 674
297 395
904 631
230 79
583 951
265 437
905 906
547 906
906 538
907 267
490 8
616 708
85 395
395 951
557 51
677 239
631 576
90 275
51 954
674 52
446 54
447 908
532 908
455 618
108 957
957 679
951 725
618 199
908 638
314 193
412 305
193 79
398 129
543 914
307 588
725 145
738 650
267 406
954 52
914 916
916 9
170 513
682 917
917 401
638 556
401 556
533 142
955 564
730 275
956 679
169 596
763 761
145 98
239 761
406 172
507 679
52 639
761 757
79 556
152 639
459 407
757 275
268 4
407 509
639 747
747 746
53 491
746 545
650 408
240 745
509 745
54 269
55 432
745 241
743 408
437 82
742 741
449 418
741 594
241 731
679 82
269 427
731 717
245 708
56 408
174 717
82 415
57 101
599 717
83 556
717 270
716 588
246 408
270 92
271 713
713 172
558 440
275 153
712 710
710 708
683 415
708 685
685 684
684 92
92 93
651 408
644 643
329 129
643 602
602 318
581 601
601 129
98 535
600 160
597 438
596 300
93 139
195 594
101 545
594 280
408 196
589 588
588 278
278 587
415 587
513 280
411 416
587 102
586 416
416 577
577 576
576 573
280 293
102 573
109 418
293 11
418 573
491 573
160 110
172 294
573 318
570 571
110 564
571 419
175 112
112 566
566 196
564 563
450 113
113 294
8 294
535 114
563 561
196 114
561 114
493 294
419 438
556 114
294 549
549 548
548 146
494 114
295 545
440 545
545 318
538 420
526 300
420 300
427 199
432 524
330 524
133 114
300 199
524 522
522 114
4 2
495 521
521 514
514 153
499 496
114 496
305 496
496 461
438 318
139 461
461 129
456 453
453 451
129 451
451 130
441 318
130 324
134 324
318 321
324 322
135 322
9 322
322 321
321 142
199 153
153 146
142 146
146 11
11 10
10 2
22 906
338 504
338 919
709 678
967 102
173 478
102 719
83 811
142 559
888 289
420 666
671 139
781 196
791 768
641 607
274 843
287 626
511 298
269 488
453 233
229 554
604 529
97 216
42 904
913 406
440 200
0 376
307 605
889 645
152 51
454 806
742 905
83 953
499 802
973 775
816 571
854 482
428 124
630 10
47 266
877 533
951 787
154 513
712 69
231 326
793 127
409 539
489 472
599 400
204 880
395 763
135 805
918 140
849 125
130 896
667 868
648 215
309 728
77 508
721 656
81 734
326 424
951 147
349 692
703 292
858 88
832 204
682 196
38 442
321 134
345 97
692 933
839 776
335 919
604 598
172 874
665 856
326 798
262 351
844 708
638 237
830 609
695 494
926 493
805 594
412 461
87 609
365 570
9 572
201 228
203 148
933 93
618 971
567 315
143 212
525 79
979 402
681 428
554 526
68 345
121 81
670 382
81 245
645 487
618 914
752 546
781 8
159 99
545 104
199 300
109 685
956 236
103 920
957 203
582 292
71 26
44 142
272 647
462 152
261 285
769 957
682 908
100 588
645 437
694 285
572 36
727 228
765 655
776 315
252 75
741 209
629 659
691 426
278 207
53 176
37 170
14 207
790 15
467 374
759 817
745 242
551 708
36 875
956 468
401 697
893 789
835 812
457 676
344 351
14 99
567 141
636 110
147 563
765 15
455 811
5 662
866 428
18 381
286 21
135 789
590 946
216 356
843 738
360 834
654 635
45 129
692 341
940 270
264 944
432 757
774 896
821 805
639 94
830 448
621 383
361 353
891 574
126 109
33 131
550 805
105 65
215 897
409 188
343 153
1 505
458 162
521 285
61 542
614 388
604 834
171 849
463 119
735 595
946 891
209 515
25 244
44 980
153 808
304 983
493 475
858 310
720 329
408 473
818 415
454 593
357 56
645 520
333 860
247 546
844 442
593 158
355 768
324 121
709 678
910 225
605 559
528 943
93 771
835 175
633 693
68 738
437 294
871 965
152 547
523 226
289 703
352 814
956 35
394 805
159 271
356 229
89 228
227 471
568 348
614 894
381 612
712 591
280 679
43 194
122 171
970 179
457 67
58 480
841 963
310 333
581 668
435 623
608 97
374 951
845 986
894 510
696 275
250 24
781 678
58 408
415 987
666 342
540 648
763 30
834 678
362 843
271 107
211 96
979 497
590 153
612 657
491 566
55 770
267 478
811 380
505 526
347 449
593 401
200 174
609 764
982 580
246 39
76 375
829 308
194 220
459 182
546 688
478 874
73 834
369 535
513 57
966 423
902 166
645 95
863 207
574 457
891 417
681 498
872 959
692 921
537 822
949 804
709 977
829 682
935 111
883 674
227 918
164 441
840 758
321 11
124 445
572 900
825 775
765 864
498 237
530 30
275 242
868 948
695 638
100 782
257 515
585 873
183 380
802 98
104 479
847 896
617 614
660 21
88 898
42 538
718 636
743 975
97 136
937 250
549 846
195 500
235 824
178 573
33 769
854 804
314 335
686 674
185 780
969 226
179 827
91 989
870 832
278 787
616 706
912 699
439 953
803 943
47 965
115 73
344 55
145 557
499 762
164 866
426 419
339 472
784 866
813 822
427 257
457 68
454 719
404 956
591 639
47 840
205 49
982 32
164 64
457 88
89 976
552 10
592 14
800 616
163 191
162 234
632 82
479 246
501 224
288 657
781 796
636 836
581 850
54 810
6 362
882 760
304 493
699 913
391 874
280 829
139 168
345 652
280 268
34 2
247 938
375 171
669 729
486 560
255 953
988 648
859 799
731 737
233 495
520 899
275 806
34 679
408 928
675 151
378 129
239 910
516 1
368 868
395 547
814 435
605 229
782 701
902 794
557 2
301 927
637 352
30 916
464 597
249 250
461 508
426 99
433 524
297 299
274 627
650 284
945 333
938 961
519 577
582 199
769 733
673 32
933 200
707 243
633 392
63 878
71 10
207 205
613 967
945 437
64 2
815 453
431 622
777 286
447 566
105 519
401 425
646 569
923 519
728 507
534 701
866 83
78 519
979 775
747 193
714 264
558 598
539 797
929 336
867 127
845 904
512 434
468 325
950 730
571 387
605 116
780 498
761 324
666 37
815 476
735 199
312 851
141 808
325 423
45 31
539 920
156 655
370 414
826 828
931 672
960 895
836 416
266 653
905 410
218 145
965 190
109 632
0 945
482 716
66 206
140 251
585 294
642 225
38 527
510 937
194 571
773 881
534 331
554 309
419 96
122 851
581 170
368 813
475 754
296 77
118 103
875 334
369 402
695 835
522 3
163 968
762 768
704 180
892 678
717 41
506 8
713 424
185 526
710 197
592 371
63 649
311 376
184 518
198 507
347 487
0 188
862 616
427 371
947 819
529 792
80 985
413 480
164 128
331 345
725 578
120 875
426 132
339 956
790 93
326 53
342 86
801 863
879 163
851 865
828 8
455 68
192 804
449 701
276 823
81 501
52 570
230 560
592 933
241 494
338 314
227 557
237 844
817 578
125 279
711 714
681 58
33 472
964 943
523 748
39 489
48 759
330 17
964 128
873 484
551 29
669 904
439 714
225 288
809 968
155 290
434 249
742 164
502 600
483 831
187 812
898 309
893 663
868 652
25 278
245 811
713 596
750 425
166 688
603 748
125 296
603 670
260 113
94 949
129 467
128 900
674 862
371 823
439 451
807 825
578 355
248 285
986 282
657 250
83 602
355 814
761 225
742 540
568 749
647 381
809 352
888 565
213 139
27 618
16 578
291 921
474 199
362 914
332 478
153 623
345 714
748 286
135 480
539 52
903 44
337 791
730 433
328 147
389 15
14 641
315 768
493 217
830 733
115 315
713 497
506 163
253 92
441 63
523 356
65 648
476 426
602 226
561 403
33 979
470 631
7 673
433 386
818 929
269 14
365 173
201 610
916 84
380 560
776 959
16 52
68 548
593 590
195 155
477 376
911 265
80 709
145 814
671 787
889 173
860 759
511 666
512 685
199 117
392 438
195 544
139 847
519 370
267 789
758 81
218 885
578 227
327 417
906 438
161 211
730 251
538 4
47 29
250 143
472 84
861 806
32 582
499 605
871 574
660 624
242 439
452 265
738 14
251 653
355 321
745 348
210 73
274 930
427 95
314 722
121 624
237 192
298 560
212 983
523 506
709 495
715 513
871 241
911 881
776 212
719 751
18 987
104 233
841 225
59 137
188 535
856 528
623 400
982 894
406 630
16 734
921 511
883 375
708 140
395 452
139 704
819 519
349 253
282 410
165 144
824 170
383 950
815 845
775 592
222 527
147 599
32 824
659 577
944 844
666 910
865 334
466 115
457 285
253 491
977 934
755 301
448 208
670 57
982 418
841 633
34 875
740 531
787 288
945 426
199 369
900 68
950 81
128 573
445 125
287 616
674 949
77 679
760 158
625 960
982 357
718 921
346 155
311 421
567 850
536 897
500 750
553 661
178 136
928 153
863 517
147 501
294 163
231 432
362 69
370 493
29 523
717 775
592 126
237 887
556 105
696 341
773 974
709 69
360 548
863 366
403 288
28 903
165 663
773 600
671 31
611 35
304 550
108 313
806 111
312 286
859 509
721 43
890 976
245 92
230 144
376 556
972 695
764 935
738 718
659 598
24 569
923 8
505 658
792 267
778 84
137 652
725 989
821 933
825 940
675 912
986 375
968 580
880 108
638 627
4 198
540 118
925 655
90 431
507 617
235 96
484 40
69 613
840 368
507 850
352 40
423 499
963 798
593 357
233 888
988 625
359 866
199 296
693 40
30 833
830 66
944 784
949 15
382 841
84 561
9 595
371 165
482 904
902 934
863 920
114 322
230 385
585 730
504 586
745 499
573 838
62 798
428 810
38 33
893 444
277 497
673 396
515 297
516 970
786 176
725 129
10 526
105 888
735 801
431 883
823 739
497 199
35 937
664 740
306 164
817 335
16 477
670 546
124 865
27 909
208 192
398 470
706 541
280 9
645 244
521 201
117 123
711 978
743 335
324 314
485 787
932 835
968 855
455 961
206 407
672 536
819 195
875 533
872 511
936 577
701 842
757 429
547 282
239 599
219 707
812 94
976 70
177 678
320 942
715 660
846 834
530 152
893 773
650 636
37 781
244 773
320 185
830 819
501 417
355 168
658 902
881 715
877 322
262 587
797 291
803 201
560 140
225 424
284 882

