987 1667
274 406
418 519
833 146
4 154
119 184
662 207
815 446
134 858
567 62
879 616
206 516
182 554
106 5
216 303
965 937
801 125
169 77
805 307
270 624
426 690
927 633
807 908
331 294
173 561
367 176
5 525
249 638
785 140
15 573
591 472
595 381
103 434
376 399
36 436
878 29
968 765
59 543
880 377
569 522
732 944
621 174
574 116
20 851
207 73
537 814
759 825
247 74
282 11
841 47
962 352
873 657
354 11
592 107
350 889
335 784
175 800
234 631
44 616
498 143
371 562
585 64
622 309
140 214
921 520
934 421
594 969
382 138
358 738
201 778
273 720
243 834
171 548
954 56
944 875
590 310
721 553
336 250
90 922
457 33
502 677
87 433
521 966
979 471
389 235
332 920
794 135
744 170
308 496
625 55
533 293
292 915
109 381
309 456
451 571
650 112
250 363
632 356
197 868
649 271
768 221
769 803
602 57
304 720
688 32
848 593
617 30
969 849
963 434
164 553
22 806
158 88
911 692
941 380
208 17
355 50
542 429
268 964
454 92
687 544
493 634
706 434
519 778
1 695
390 711
485 490
397 724
349 863
494 552
439 671
89 363
271 583
931 472
26 444
39 244
279 776
575 434
978 691
980 810
981 366
108 940
655 964
517 421
170 491
930 658
238 230
985 543
576 976
180 54
381 608
187 110
405 456
586 725
707 333
480 539
305 940
570 112
435 970
356 733
317 837
205 722
445 258
486 936
887 266
719 959
760 668
370 799
339 437
646 107
701 957
112 383
131 440
450 188
157 881
949 468
826 209
513 601
215 510
133 398
966 318
697 580
849 383
383 446
248 244
295 572
845 943
466 587
654 281
795 73
251 555
78 185
723 565
948 135
942 372
484 325
623 540
724 195
890 252
160 798
400 913
411 888
686 428
419 21
846 774
835 181
69 568
297 351
967 752
35 525
487 359
939 406
800 244
290 110
588 210
425 690
584 912
882 881
546 351
488 812
315 377
259 33
535 875
81 490
627 25
786 881
943 982
675 276
481 440
479 840
955 468
209 275
406 830
976 192
28 847
692 303
24 113
316 229
72 188
60 885
110 703
167 269
619 327
432 132
820 465
236 864
188 648
702 729
847 821
551 779
695 747
597 587
552 217
850 482
907 612
838 945
252 242
866 79
429 491
720 430
407 296
189 482
696 881
237 500
840 357
813 892
518 708
384 637
583 253
135 137
797 747
953 558
770 146
239 937
855 228
798 982
62 799
228 610
582 159
136 776
669 912
982 88
283 172
751 783
45 725
328 842
932 580
628 111
596 508
916 111
179 731
17 262
190 629
515 11
489 434
790 883
851 82
210 802
431 420
416 149
54 33
9 784
779 132
272 705
708 698
415 491
141 102
191 507
310 620
796 510
12 261
48 85
558 710
677 202
717 357
473 767
362 869
829 298
448 148
318 728
91 900
61 924
92 21
673 467
671 46
240 53
633 629
68 73
861 983
111 771
166 690
461 127
765 269
843 593
211 610
75 555
778 644
540 231
776 311
908 735
474 862
453 476
593 363
598 95
497 679
302 33
534 67
912 897
957 549
391 291
788 725
626 267
226 858
50 652
29 392
121 148
217 810
818 456
281 470
771 587
499 756
137 983
767 351
909 63
933 253
698 227
684 725
539 616
364 704
970 704
64 172
886 338
260 699
568 303
506 267
547 402
638 901
183 227
269 639
146 385
30 914
928 509
342 520
113 255
373 789
379 359
656 543
241 47
652 409
97 85
573 275
105 235
541 352
512 329
293 253
449 799
38 475
599 65
0 741
495 420
496 129
63 734
937 935
600 163
663 422
456 917
699 725
178 298
639 527
560 640
945 764
787 772
577 83
452 114
728 657
802 816
915 503
816 403
31 471
762 923
514 289
874 132
455 102
536 641
895 616
549 660
184 889
672 262
13 648
375 738
799 922
571 885
149 340
325 501
940 244
32 482
772 803
181 556
212 458
644 337
142 615
377 213
401 132
651 458
505 399
476 202
520 185
803 25
793 267
145 946
983 977
66 522
984 115
122 266
65 242
694 421
950 668
703 218
657 553
132 710
185 858
154 857
93 100
959 333
503 500
446 469
326 253
490 25
143 946
148 538
804 676
213 408
85 871
385 722
881 412
423 564
756 465
986 16
19 261
107 420
685 900
883 261
491 267
70 21
88 114
104 725
198 374
865 420
935 242
138 275
852 242
747 399
678 114
853 100
227 436
516 629
338 946
653 836
280 369
500 139
299 620
545 856
159 875
561 284
482 951
125 402
538 676
199 977
661 23
550 730
229 806
508 120
311 10
836 458
441 888
98 420
889 284
844 679
284 139
255 8
67 951
313 303
51 33
936 812
709 752
548 919
357 664
161 780
427 601
275 665
951 507
96 977
402 348
8 543
562 888
572 52
139 162
664 645
144 94
504 579
363 436
245 817
147 777
117 714
52 303
430 914
761 150
839 276
613 71
374 428
674 543
312 114
718 155
902 200
94 811
658 640
352 601
752 387
938 806
220 123
56 10
634 884
95 806
659 501
601 700
21 276
388 971
458 163
23 444
368 743
559 155
10 99
162 403
888 186
351 469
306 46
578 689
522 194
870 417
276 300
296 819
307 129
99 856
291 100
722 114
337 230
285 875
946 858
977 837
333 420
468 867
819 394
100 875
501 763
822 459
763 459
806 975
53 704
676 830
952 782
691 71
404 277
204 433
947 267
403 733
710 412
665 102
831 563
929 101
463 151
114 115
563 700
971 891
428 380
808 492
433 436
809 115
230 603
408 891
725 261
629 618
764 126
956 409
372 854
884 789
214 459
71 587
242 960
773 557
378 314
579 49
244 507
434 235
186 115
369 459
854 837
856 278
958 278
409 564
972 47
477 857
867 603
410 960
319 894
635 553
700 459
733 127
603 789
857 115
641 246
266 507
858 11
192 366
530 877
386 421
611 101
543 604
459 321
817 507
395 327
612 689
507 253
509 223
604 165
975 174
246 126
729 18
917 630
580 16
869 910
683 693
346 40
810 660
235 823
910 101
906 340
624 837
510 974
298 914
447 124
711 412
286 287
218 960
314 73
565 875
460 365
511 726
483 974
774 726
387 811
758 462
859 960
151 647
607 780
523 891
974 438
82 961
704 37
277 253
973 734
353 660
101 726
964 636
475 193
478 6
524 424
960 492
492 102
33 320
923 25
737 891
726 961
115 347
755 553
705 73
913 636
525 660
712 41
860 689
436 340
526 172
120 527
193 34
605 380
294 84
194 564
527 713
961 775
231 528
730 777
753 287
757 219
914 37
320 783
670 300
172 618
713 581
528 926
437 714
640 553
472 340
775 739
556 253
842 868
329 862
679 443
321 544
660 529
359 871
73 581
438 322
714 253
254 392
610 680
123 544
630 631
57 821
47 666
529 606
300 34
341 926
642 49
926 731
531 124
715 442
581 55
392 891
666 648
253 885
837 470
288 925
124 925
440 925
278 606
287 862
636 766
444 532
896 150
766 195
334 925
716 195
256 102
202 462
680 620
412 925
195 925
393 777
102 11
322 862
877 469
925 587
648 289
196 200
532 918
323 782
553 727
544 25
462 587
777 261
875 394
821 116
924 564
899 614
118 587
116 734
922 46
40 606
862 863
464 920
289 891
727 442
467 780
361 587
74 442
811 891
554 555
748 301
366 812
267 261
731 920
863 324
780 25
126 920
324 734
55 812
920 900
176 394
380 34
360 16
257 606
200 150
734 327
919 814
667 394
203 609
789 168
631 918
76 555
465 127
394 327
469 219
174 14
555 34
668 918
823 127
745 918
37 587
784 864
645 413
606 557
2 918
14 177
150 647
262 864
77 470
258 127
232 681
814 442
219 564
871 127
221 905
127 222
736 152
557 637
587 396
365 152
564 470
812 735
152 396
264 163
735 163
301 566
589 681
340 327
79 637
566 832
738 261
918 27
303 222
442 261
608 905
609 905
128 614
739 903
327 614
740 225
261 614
330 222
153 827
343 614
781 782
614 681
905 34
682 344
615 885
413 904
904 864
155 222
616 80
885 618
741 396
643 265
618 620
222 83
620 637
80 742
681 163
233 129
223 396
83 470
637 647
344 827
647 84
689 903
443 345
414 6
263 345
129 690
824 903
156 163
903 782
470 130
471 690
84 894
690 876
224 163
130 693
742 743
396 743
693 34
743 58
25 86
754 11
265 791
901 746
900 420
746 163
749 750
58 898
750 163
782 783
41 345
783 791
898 897
49 11
791 825
86 825
345 792
792 897
163 897
825 827
897 827
827 868
828 830
864 868
894 347
165 398
347 830
168 830
876 177
830 225
893 832
832 834
177 348
892 834
6 27
834 398
868 225
891 872
348 872
872 424
225 424
424 398
398 422
422 421
421 420
399 420
417 420
420 46
46 43
43 42
42 34
34 27
27 18
18 16
16 11
11 7
7 3
14 74
105 176
269 913
608 949
935 506
894 829
952 763
333 423
647 78
287 727
148 402
36 640
590 933
27 278
377 143
940 619
219 483
301 595
808 314
570 402
27 747
941 350
308 850
181 555
16 860
517 738
164 870
802 514
2 535
97 812
417 265
5 115
635 185
519 453
245 107
267 83
58 345
947 964
158 288
784 489
410 178
127 229
55 705
194 144
46 354
890 928
826 532
472 582
126 271
336 779
454 935
177 16
514 275
759 424
737 576
853 544
754 194
841 506
264 108
719 890
678 143
346 787
621 331
385 508
507 113
300 146
786 73
106 172
737 189
954 974
155 364
861 4
705 673
344 287
185 817
880 732
340 666
202 520
107 588
680 78
33 944
473 317
511 320
551 926
944 665
762 109
713 8
866 575
953 351
335 454
717 246
618 247
798 316
820 428
910 558
803 744
281 155
597 525
257 846
804 482
458 44
269 319
132 721
142 501
194 178
491 500
203 381
757 192
253 743
259 690
634 37
982 904
535 967
723 853
361 435
73 730
192 507
962 943
497 9
972 7
330 96
855 192
278 666
482 545
548 840
801 351
841 448
486 450
946 558
156 218
35 954
401 686
338 897
272 757
565 931
660 311
892 263
852 115
736 352
936 202
462 360
562 427
145 179
95 803
971 787
933 751
916 835
974 32
798 454
112 407
533 854
673 750
476 819
4 55
846 946
230 937
603 942
673 300
298 714
589 193
385 785
548 909
101 124
29 508
329 639
548 30
505 749
582 107
637 618
491 738
348 216
382 817
793 968
511 24
649 958
87 71
466 583
889 719
440 928
142 226
62 639
193 238
906 117
685 621
30 982
67 83
430 954
601 113
667 37
826 609
235 45
245 29
51 926
836 142
238 59
74 729
904 497
467 516
83 335
358 444
573 907
172 734
174 215
339 922
317 462
425 659
308 188
466 644
535 50
952 191
498 694
45 576
337 156
42 855
914 850
424 902
622 203
94 469
303 414
145 494
358 226
358 786
269 742
399 401
320 482
734 90
579 174
973 136
187 192
323 471
659 491
498 51
316 544
583 805
44 954
796 800
699 844
398 307
679 49
954 604
433 113
220 90
673 824
199 99
845 532
956 17
110 369
75 577
96 667
521 336
827 667
930 982
2 903
952 904
162 866
451 734
360 100
667 335
319 263
308 363
228 141
307 26
160 609
126 237
154 463
270 514
884 383
79 697
961 485
790 32
573 944
972 462
294 845
776 593
885 516
489 263
854 540
336 379
671 262
233 945
673 604
762 556
439 230
116 601
69 492
691 849
508 789
113 763
238 7
460 232
400 792
209 871
373 81
658 177
180 719
517 893
726 49
759 831
122 900
49 598
876 970
211 286
753 985
640 142
703 14
803 103
543 285
77 120
364 38
64 363
220 439
247 966
929 316
116 905
803 618
336 387
788 934
936 879
882 976
297 101
751 191
580 684
572 422
56 150
510 624
210 444
950 488
426 290
602 332
559 720
463 356
629 275
91 457
143 197
223 605
83 249
824 197
833 65
973 299
539 201
927 271
78 344
446 179
436 404
637 820
525 798
820 45
98 750
91 205
19 607
784 30
149 276
79 727
690 17
44 433
261 227
497 215
36 643
573 759
510 896
421 400
903 628
420 597
798 291
59 817
87 258
350 34
145 117
683 639
775 609
411 575
319 349
904 464
826 436
589 763
736 533
622 977
14 54
160 630
582 685
11 692
705 610
364 446
124 39
414 758
748 845
342 54
36 352
237 7
338 222
203 207
133 820
587 193
119 418
827 531
505 130
748 295
379 807
55 459
96 496
426 99
783 259
92 337
158 908
944 903
827 590
828 725
101 869
676 657
96 790
438 319
951 252
568 143
449 195
424 0
400 768
934 863
170 597
293 776
75 19
628 67
232 220
681 884
692 613
469 296
680 28
83 181
130 424
70 556
883 109
747 62
483 678
234 22
211 258
61 41
585 190
68 324
910 84
234 819
399 949
126 429
576 539
750 521
858 907
429 131
728 387
353 573
285 855
474 970
485 150
60 200
195 418
654 785
621 648
902 931
585 783
106 67
424 124
450 301
576 833
695 53
413 342
755 820
84 806
40 706
708 632
739 185
197 503
765 612
86 1
922 275
186 65
202 872
484 637
210 943
768 487
609 83
821 265
696 977
760 270
503 334
195 810
969 55
201 71
229 378
610 768
433 93
125 84
124 775
256 758
898 229
884 769
802 898
623 123
591 557
591 706
476 352
86 242
854 755
667 275
549 178
173 313
159 167
275 794
644 302
378 246
453 311
115 482
809 526
26 68
728 105
847 576
734 136
105 729
405 146
332 170
98 408
911 233
819 575
546 920
966 484
812 722
471 353
114 159
412 395
347 788
126 61
776 116
768 63
193 441
146 79
240 163
18 265
778 537
584 892
761 303
95 46
229 30
601 961
861 232
224 502
282 655
95 174
212 83
333 569
1 899
299 672
543 538
147 507
856 283
473 447
230 415
19 972
289 787
116 780
891 566
204 348
567 81
677 158
733 582
457 429
733 273
321 168
180 676
49 474
249 873
916 543
680 567
314 181
485 972
347 791
842 552
249 90
280 333
188 59
542 533
515 557
147 672
679 398
898 488
475 857
567 294
551 655
861 30
13 273
16 79
856 461
584 339
569 429
28 48
932 581
560 641
875 13
743 811
629 828
972 466
188 985
125 475
669 695
622 209
552 653
724 893
579 210
350 858
965 802
361 574
906 378
538 465
347 231
859 953
128 947
472 2
375 477
875 598
60 275
362 670
836 833
489 184
62 356
91 589
683 153
536 28
579 473
439 590
808 118
319 775
523 403
172 306
705 725
546 900
79 728
121 144
378 63
155 904
766 316
25 620
272 404
360 485
746 503
442 327
141 637
338 11
804 815
406 261
479 846
880 247
630 115
39 790
658 299
319 292
81 636
538 190
218 276
360 885
294 529
822 914
77 404
574 481
555 713
248 635
153 646
580 0
598 63
720 115
302 651
751 338
923 290
392 39
835 378
641 52
555 661
784 756
297 528
272 371
547 414
63 900
490 329
372 28
747 111
295 401
45 536

